ds,trend,yhat_lower,yhat_upper,trend_lower,trend_upper,additive_terms,additive_terms_lower,additive_terms_upper,yearly,yearly_lower,yearly_upper,multiplicative_terms,multiplicative_terms_lower,multiplicative_terms_upper,yhat
1988-01-01,261.2193200205183,187.12733912298887,358.510996589278,261.2193200205183,261.2193200205183,9.566046918959639,9.566046918959639,9.566046918959639,9.566046918959639,9.566046918959639,9.566046918959639,0.0,0.0,0.0,270.7853669394779
1988-02-01,264.0429411174801,187.12295353573558,356.99807732551994,264.0429411174801,264.0429411174801,5.946208084124918,5.946208084124918,5.946208084124918,5.946208084124918,5.946208084124918,5.946208084124918,0.0,0.0,0.0,269.989149201605
1988-03-01,266.68439311141213,201.2708714639373,365.93361537298983,266.68439311141213,266.68439311141213,15.209101682044803,15.209101682044803,15.209101682044803,15.209101682044803,15.209101682044803,15.209101682044803,0.0,0.0,0.0,281.89349479345697
1988-04-01,269.50801420837394,186.9992294376038,363.44304730760877,269.50801420837394,269.50801420837394,-1.2186314569165453,-1.2186314569165453,-1.2186314569165453,-1.2186314569165453,-1.2186314569165453,-1.2186314569165453,0.0,0.0,0.0,268.28938275145737
1988-05-01,272.24055075382086,180.16641556083493,356.1994612313702,272.24055075382086,272.24055075382086,-1.857840272921035,-1.857840272921035,-1.857840272921035,-1.857840272921035,-1.857840272921035,-1.857840272921035,0.0,0.0,0.0,270.38271048089985
1988-06-01,275.06417185078266,190.37925864763255,356.7979341349846,275.06417185078266,275.06417185078266,0.6348584224435756,0.6348584224435756,0.6348584224435756,0.6348584224435756,0.6348584224435756,0.6348584224435756,0.0,0.0,0.0,275.69903027322624
1988-07-01,277.79670831387904,178.46148209427773,351.05013086205145,277.79670831387904,277.79670831387904,-11.283826940010291,-11.283826940010291,-11.283826940010291,-11.283826940010291,-11.283826940010291,-11.283826940010291,0.0,0.0,0.0,266.51288137386877
1988-08-01,280.6203293257452,185.54151828297023,350.9472988027156,280.6203293257452,280.6203293257452,-13.738626392429268,-13.738626392429268,-13.738626392429268,-13.738626392429268,-13.738626392429268,-13.738626392429268,0.0,0.0,0.0,266.881702933316
1988-09-01,283.4439503376114,210.94132347567395,383.7256190192864,283.4439503376114,283.4439503376114,9.070615025923589,9.070615025923589,9.070615025923589,9.070615025923589,9.070615025923589,9.070615025923589,0.0,0.0,0.0,292.514565363535
1988-10-01,286.1764868007077,198.90428080655943,372.74755179459424,286.1764868007077,286.1764868007077,-1.2086453275099869,-1.2086453275099869,-1.2086453275099869,-1.2086453275099869,-1.2086453275099869,-1.2086453275099869,0.0,0.0,0.0,284.9678414731977
1988-11-01,289.00010781257396,200.42257437540096,367.10890533017727,289.00010781257396,289.00010781257396,-5.60974012264786,-5.60974012264786,-5.60974012264786,-5.60974012264786,-5.60974012264786,-5.60974012264786,0.0,0.0,0.0,283.3903676899261
1988-12-01,291.73264463516074,191.66274212125126,354.9076676392067,291.73264463516074,291.73264463516074,-11.490496947510334,-11.490496947510334,-11.490496947510334,-11.490496947510334,-11.490496947510334,-11.490496947510334,0.0,0.0,0.0,280.2421476876504
1989-01-01,294.5562660185005,198.71695547017163,363.96939725040386,294.5562660185005,294.5562660185005,-9.211754822186517,-9.211754822186517,-9.211754822186517,-9.211754822186517,-9.211754822186517,-9.211754822186517,0.0,0.0,0.0,285.344511196314
1989-02-01,297.37988740184016,210.48566638379148,378.42316783107316,297.37988740184016,297.37988740184016,-2.9611013041093965,-2.9611013041093965,-2.9611013041093965,-2.9611013041093965,-2.9611013041093965,-2.9611013041093965,0.0,0.0,0.0,294.4187860977308
1989-03-01,299.9302551029212,223.3660219029784,382.9855952965769,299.9302551029212,299.9302551029212,2.5704324955860605,2.5704324955860605,2.5704324955860605,2.5704324955860605,2.5704324955860605,2.5704324955860605,0.0,0.0,0.0,302.5006875985072
1989-04-01,302.7538764862609,215.69133168818675,385.9966243305502,302.7538764862609,302.7538764862609,-2.603079199957062,-2.603079199957062,-2.603079199957062,-2.603079199957062,-2.603079199957062,-2.603079199957062,0.0,0.0,0.0,300.1507972863038
1989-05-01,305.48641330884766,223.917952458952,391.3148934974318,305.48641330884766,305.48641330884766,0.4008074148967313,0.4008074148967313,0.4008074148967313,0.4008074148967313,0.4008074148967313,0.4008074148967313,0.0,0.0,0.0,305.8872207237444
1989-06-01,308.3100344122609,222.39470944032175,390.62737531703795,308.3100344122609,308.3100344122609,0.8913481969810169,0.8913481969810169,0.8913481969810169,0.8913481969810169,0.8913481969810169,0.8913481969810169,0.0,0.0,0.0,309.20138260924193
1989-07-01,311.04257096395116,228.05232218596416,398.81816947536237,311.04257096395116,311.04257096395116,-0.23545039108292926,-0.23545039108292926,-0.23545039108292926,-0.23545039108292926,-0.23545039108292926,-0.23545039108292926,0.0,0.0,0.0,310.80712057286826
1989-08-01,313.86619206736447,218.2916518894879,389.0229847245872,313.86619206736447,313.86619206736447,-12.32849376668148,-12.32849376668148,-12.32849376668148,-12.32849376668148,-12.32849376668148,-12.32849376668148,0.0,0.0,0.0,301.53769830068296
1989-09-01,316.6898131707777,224.28184501532468,399.0029469998395,316.6898131707777,316.6898131707777,0.6197591093316966,0.6197591093316966,0.6197591093316966,0.6197591093316966,0.6197591093316966,0.6197591093316966,0.0,0.0,0.0,317.3095722801094
1989-10-01,319.4223497224679,218.57973427518667,396.4076151759556,319.4223497224679,319.4223497224679,-10.1395933770447,-10.1395933770447,-10.1395933770447,-10.1395933770447,-10.1395933770447,-10.1395933770447,0.0,0.0,0.0,309.2827563454232
1989-11-01,322.24597112960265,232.13992847274247,399.26397951516515,322.24597112960265,322.24597112960265,-4.491887615114718,-4.491887615114718,-4.491887615114718,-4.491887615114718,-4.491887615114718,-4.491887615114718,0.0,0.0,0.0,317.75408351448795
1989-12-01,324.97850797521687,232.58562612712157,406.24762255051417,324.97850797521687,324.97850797521687,-3.972813457246336,-3.972813457246336,-3.972813457246336,-3.972813457246336,-3.972813457246336,-3.972813457246336,0.0,0.0,0.0,321.00569451797054
1990-01-01,327.80212938235167,237.82451243691352,413.91330124832876,327.80212938235167,327.80212938235167,-2.826336862592345,-2.826336862592345,-2.826336862592345,-2.826336862592345,-2.826336862592345,-2.826336862592345,0.0,0.0,0.0,324.9757925197593
1990-02-01,330.62575078948635,245.84039552739728,411.04781731863307,330.62575078948635,330.62575078948635,0.3155803910410332,0.3155803910410332,0.3155803910410332,0.3155803910410332,0.3155803910410332,0.3155803910410332,0.0,0.0,0.0,330.94133118052736
1990-03-01,333.1761185120597,238.6760519964893,403.0990138849035,333.1761185120597,333.1761185120597,-10.10885192056245,-10.10885192056245,-10.10885192056245,-10.10885192056245,-10.10885192056245,-10.10885192056245,0.0,0.0,0.0,323.06726659149723
1990-04-01,335.99973993763064,245.6551128098652,416.41991850364326,335.99973993763064,335.99973993763064,-3.7603806053287196,-3.7603806053287196,-3.7603806053287196,-3.7603806053287196,-3.7603806053287196,-3.7603806053287196,0.0,0.0,0.0,332.23935933230194
1990-05-01,338.73227680108636,261.47230330004555,425.3113529888577,338.73227680108636,338.73227680108636,2.803075785867819,2.803075785867819,2.803075785867819,2.803075785867819,2.803075785867819,2.803075785867819,0.0,0.0,0.0,341.53535258695416
1990-06-01,341.5558982266573,261.16641081023346,430.1155472657839,341.5558982266573,341.5558982266573,1.2948173282024902,1.2948173282024902,1.2948173282024902,1.2948173282024902,1.2948173282024902,1.2948173282024902,0.0,0.0,0.0,342.8507155548598
1990-07-01,344.28843509011307,269.7378883364934,442.85161395410034,344.28843509011307,344.28843509011307,10.737332712843532,10.737332712843532,10.737332712843532,10.737332712843532,10.737332712843532,10.737332712843532,0.0,0.0,0.0,355.0257678029566
1990-08-01,347.11205651568395,250.58271608143357,417.3819104943895,347.11205651568395,347.11205651568395,-11.264239987815815,-11.264239987815815,-11.264239987815815,-11.264239987815815,-11.264239987815815,-11.264239987815815,0.0,0.0,0.0,335.84781652786813
1990-09-01,349.93567794515815,258.6176250866792,426.3847436577896,349.93567794515815,349.93567794515815,-8.037721648994252,-8.037721648994252,-8.037721648994252,-8.037721648994252,-8.037721648994252,-8.037721648994252,0.0,0.0,0.0,341.8979562961639
1990-10-01,352.66821481239134,257.6332842314966,421.8203445650542,352.66821481239134,352.66821481239134,-18.88281212206218,-18.88281212206218,-18.88281212206218,-18.88281212206218,-18.88281212206218,-18.88281212206218,0.0,0.0,0.0,333.78540269032914
1990-11-01,355.49183624186554,269.12905898326323,434.7214975205149,355.49183624186554,355.49183624186554,-3.0568106593386744,-3.0568106593386744,-3.0568106593386744,-3.0568106593386744,-3.0568106593386744,-3.0568106593386744,0.0,0.0,0.0,352.43502558252686
1990-12-01,358.22437310909874,283.1661730437612,450.3742884520674,358.22437310909874,358.22437310909874,3.6607117472880306,3.6607117472880306,3.6607117472880306,3.6607117472880306,3.6607117472880306,3.6607117472880306,0.0,0.0,0.0,361.88508485638675
1991-01-01,361.04799453857294,283.46455343318956,452.4639249555123,361.04799453857294,361.04799453857294,3.436561822660585,3.436561822660585,3.436561822660585,3.436561822660585,3.436561822660585,3.436561822660585,0.0,0.0,0.0,364.4845563612335
1991-02-01,363.87161592211356,280.36320919391653,454.1335813343481,363.87161592211356,363.87161592211356,3.285686896923201,3.285686896923201,3.285686896923201,3.285686896923201,3.285686896923201,3.285686896923201,0.0,0.0,0.0,367.1573028190368
1991-03-01,366.42198362337604,255.08987499811923,431.51342838359113,366.42198362337604,366.42198362337604,-22.812771872061276,-22.812771872061276,-22.812771872061276,-22.812771872061276,-22.812771872061276,-22.812771872061276,0.0,0.0,0.0,343.6092117513148
1991-04-01,369.24560500691666,276.75655035388945,447.1179383478881,369.24560500691666,369.24560500691666,-4.685435337603329,-4.685435337603329,-4.685435337603329,-4.685435337603329,-4.685435337603329,-4.685435337603329,0.0,0.0,0.0,364.5601696693133
1991-05-01,371.9781418296979,298.3971876433516,456.78488318549756,371.9781418296979,371.9781418296979,5.345953982714424,5.345953982714424,5.345953982714424,5.345953982714424,5.345953982714424,5.345953982714424,0.0,0.0,0.0,377.32409581241234
1991-06-01,374.8017632132385,284.6831196540645,464.1761331932732,374.8017632132385,374.8017632132385,1.8404295874089773,1.8404295874089773,1.8404295874089773,1.8404295874089773,1.8404295874089773,1.8404295874089773,0.0,0.0,0.0,376.6421928006475
1991-07-01,377.5343000360197,311.6316412552807,479.7983944641185,377.5343000360197,377.5343000360197,21.620795477024238,21.620795477024238,21.620795477024238,21.620795477024238,21.620795477024238,21.620795477024238,0.0,0.0,0.0,399.15509551304393
1991-08-01,380.3579212288872,285.77892811267253,455.94968304396053,380.3579212288872,380.3579212288872,-10.54748489734182,-10.54748489734182,-10.54748489734182,-10.54748489734182,-10.54748489734182,-10.54748489734182,0.0,0.0,0.0,369.8104363315454
1991-09-01,383.1815424217547,284.84438236859785,448.23949489050136,383.1815424217547,383.1815424217547,-16.889154345769853,-16.889154345769853,-16.889154345769853,-16.889154345769853,-16.889154345769853,-16.889154345769853,0.0,0.0,0.0,366.2923880759849
1991-10-01,385.9140790600137,272.3275529895304,441.2330425116805,385.9140790600137,385.9140790600137,-27.425541661864834,-27.425541661864834,-27.425541661864834,-27.425541661864834,-27.425541661864834,-27.425541661864834,0.0,0.0,0.0,358.4885373981489
1991-11-01,388.7377002528812,300.9983694322365,468.37119074602634,388.7377002528812,388.7377002528812,-1.3055257847844528,-1.3055257847844528,-1.3055257847844528,-1.3055257847844528,-1.3055257847844528,-1.3055257847844528,0.0,0.0,0.0,387.4321744680968
1991-12-01,391.47023689114013,315.139590757446,484.9781926303067,391.47023689114013,391.47023689114013,11.398028080128753,11.398028080128753,11.398028080128753,11.398028080128753,11.398028080128753,11.398028080128753,0.0,0.0,0.0,402.8682649712689
1992-01-01,394.293859851356,322.150830047673,490.3318387067357,394.293859851356,394.293859851356,9.56604691894909,9.56604691894909,9.56604691894909,9.56604691894909,9.56604691894909,9.56604691894909,0.0,0.0,0.0,403.8599067703051
1992-02-01,397.1174828115719,313.8271172166804,489.90156342344767,397.1174828115719,397.1174828115719,5.946208084131975,5.946208084131975,5.946208084131975,5.946208084131975,5.946208084131975,5.946208084131975,0.0,0.0,0.0,403.06369089570387
1992-03-01,399.7589365485479,331.69331217855887,499.56340876741206,399.7589365485479,399.7589365485479,15.209101682049015,15.209101682049015,15.209101682049015,15.209101682049015,15.209101682049015,15.209101682049015,0.0,0.0,0.0,414.96803823059696
1992-04-01,402.5825595087638,312.28436225427595,485.27945597125625,402.5825595087638,402.5825595087638,-1.2186314569062213,-1.2186314569062213,-1.2186314569062213,-1.2186314569062213,-1.2186314569062213,-1.2186314569062213,0.0,0.0,0.0,401.36392805185756
1992-05-01,405.3150978573598,320.5953627409532,487.663004958456,405.3150978573598,405.3150978573598,-1.8578402729193806,-1.8578402729193806,-1.8578402729193806,-1.8578402729193806,-1.8578402729193806,-1.8578402729193806,0.0,0.0,0.0,403.4572575844404
1992-06-01,408.13872087350467,322.68147848720406,491.2240593298686,408.13872087350467,408.13872087350467,0.6348584224586677,0.6348584224586677,0.6348584224586677,0.6348584224586677,0.6348584224586677,0.6348584224586677,0.0,0.0,0.0,408.7735792959633
1992-07-01,410.87125927622554,315.91630914857643,483.4630587297867,410.87125927622554,410.87125927622554,-11.283826940029018,-11.283826940029018,-11.283826940029018,-11.283826940029018,-11.283826940029018,-11.283826940029018,0.0,0.0,0.0,399.5874323361965
1992-08-01,413.69488229237044,316.85908150552535,489.8435931158411,413.69488229237044,413.69488229237044,-13.738626392426434,-13.738626392426434,-13.738626392426434,-13.738626392426434,-13.738626392426434,-13.738626392426434,0.0,0.0,0.0,399.956255899944
1992-09-01,416.5185053085152,339.54726145067366,509.5672683054941,416.5185053085152,416.5185053085152,9.070615025925132,9.070615025925132,9.070615025925132,9.070615025925132,9.070615025925132,9.070615025925132,0.0,0.0,0.0,425.58912033444034
1992-10-01,419.25104371123615,330.0712705267232,506.43707018140844,419.25104371123615,419.25104371123615,-1.2086453274959275,-1.2086453274959275,-1.2086453274959275,-1.2086453274959275,-1.2086453274959275,-1.2086453274959275,0.0,0.0,0.0,418.04239838374025
1992-11-01,422.0746672248452,327.1692345725201,501.60172285668,422.0746672248452,422.0746672248452,-5.609740122645979,-5.609740122645979,-5.609740122645979,-5.609740122645979,-5.609740122645979,-5.609740122645979,0.0,0.0,0.0,416.4649271021992
1992-12-01,424.807206108983,324.4336534621661,500.70352846892547,424.807206108983,424.807206108983,-11.490496947527733,-11.490496947527733,-11.490496947527733,-11.490496947527733,-11.490496947527733,-11.490496947527733,0.0,0.0,0.0,413.31670916145526
1993-01-01,427.630829622592,343.23192917106184,503.73875543355666,427.630829622592,427.630829622592,-9.211754822173402,-9.211754822173402,-9.211754822173402,-9.211754822173402,-9.211754822173402,-9.211754822173402,0.0,0.0,0.0,418.41907480041857
1993-02-01,430.45445313620104,341.0181584703478,507.9304805777835,430.45445313620104,430.45445313620104,-2.9611013041022756,-2.9611013041022756,-2.9611013041022756,-2.9611013041022756,-2.9611013041022756,-2.9611013041022756,0.0,0.0,0.0,427.49335183209877
1993-03-01,433.0048227613963,353.6102860901009,518.7233893125609,433.0048227613963,433.0048227613963,2.5704324955973497,2.5704324955973497,2.5704324955973497,2.5704324955973497,2.5704324955973497,2.5704324955973497,0.0,0.0,0.0,435.57525525699367
1993-04-01,435.8284463381902,350.4846947257717,518.355514682268,435.8284463381902,435.8284463381902,-2.6030791999771723,-2.6030791999771723,-2.6030791999771723,-2.6030791999771723,-2.6030791999771723,-2.6030791999771723,0.0,0.0,0.0,433.225367138213
1993-05-01,438.5609852834747,354.9723874047259,525.064826414657,438.5609852834747,438.5609852834747,0.4008074148887369,0.4008074148887369,0.4008074148887369,0.4008074148887369,0.4008074148887369,0.4008074148887369,0.0,0.0,0.0,438.9617926983634
1993-06-01,441.38460886026854,358.61202966936725,526.7288227163418,441.38460886026854,441.38460886026854,0.8913481969701667,0.8913481969701667,0.8913481969701667,0.8913481969701667,0.8913481969701667,0.8913481969701667,0.0,0.0,0.0,442.2759570572387
1993-07-01,444.1171478055529,363.7585343327902,526.8213924611717,444.1171478055529,444.1171478055529,-0.2354503910987734,-0.2354503910987734,-0.2354503910987734,-0.2354503910987734,-0.2354503910987734,-0.2354503910987734,0.0,0.0,0.0,443.88169741445415
1993-08-01,446.9407713823469,348.5197263801602,523.539068687703,446.9407713823469,446.9407713823469,-12.328493766686297,-12.328493766686297,-12.328493766686297,-12.328493766686297,-12.328493766686297,-12.328493766686297,0.0,0.0,0.0,434.6122776156606
1993-09-01,449.7643949591408,371.08278220536226,537.3029315058827,449.7643949591408,449.7643949591408,0.6197591093525919,0.6197591093525919,0.6197591093525919,0.6197591093525919,0.6197591093525919,0.6197591093525919,0.0,0.0,0.0,450.3841540684934
1993-10-01,452.49702113573824,356.2694762871259,532.4067810213552,452.49702113573824,452.49702113573824,-10.139593377066449,-10.139593377066449,-10.139593377066449,-10.139593377066449,-10.139593377066449,-10.139593377066449,0.0,0.0,0.0,442.3574277586718
1993-11-01,455.3207348515555,365.71437618899824,535.4688079537281,455.3207348515555,455.3207348515555,-4.491887615119184,-4.491887615119184,-4.491887615119184,-4.491887615119184,-4.491887615119184,-4.491887615119184,0.0,0.0,0.0,450.82884723643633
1993-12-01,458.05336102815284,372.8791281580944,534.4919456709366,458.05336102815284,458.05336102815284,-3.972813457260278,-3.972813457260278,-3.972813457260278,-3.972813457260278,-3.972813457260278,-3.972813457260278,0.0,0.0,0.0,454.0805475708926
1994-01-01,460.87707474397007,375.29331758650295,546.9866756442568,460.87707474397007,460.87707474397007,-2.8263368625936436,-2.8263368625936436,-2.8263368625936436,-2.8263368625936436,-2.8263368625936436,-2.8263368625936436,0.0,0.0,0.0,458.05073788137645
1994-02-01,463.7007884597873,379.75550032755785,550.0958492498598,463.7007884597873,463.7007884597873,0.31558039105048374,0.31558039105048374,0.31558039105048374,0.31558039105048374,0.31558039105048374,0.31558039105048374,0.0,0.0,0.0,464.0163688508378
1994-03-01,466.2519304022115,372.04631297027356,536.8796150086961,466.2519304022115,466.2519304022115,-10.10885192057052,-10.10885192057052,-10.10885192057052,-10.10885192057052,-10.10885192057052,-10.10885192057052,0.0,0.0,0.0,456.14307848164094
1994-04-01,469.0764089813238,380.0627006717708,550.394876130642,469.0764089813238,469.0764089813238,-3.76038060531892,-3.76038060531892,-3.76038060531892,-3.76038060531892,-3.76038060531892,-3.76038060531892,0.0,0.0,0.0,465.3160283760049
1994-05-01,471.8097753482068,388.04312514692526,559.7568303792625,471.8097753482068,471.8097753482068,2.8030757858656923,2.8030757858656923,2.8030757858656923,2.8030757858656923,2.8030757858656923,2.8030757858656923,0.0,0.0,0.0,474.6128511340725
1994-06-01,474.6342539273192,382.8101848391097,560.4661447363172,474.6342539273192,474.6342539273192,1.2948173282019053,1.2948173282019053,1.2948173282019053,1.2948173282019053,1.2948173282019053,1.2948173282019053,0.0,0.0,0.0,475.92907125552114
1994-07-01,477.3676202942021,400.40582092765965,572.6202994925734,477.3676202942021,477.3676202942021,10.737332712832606,10.737332712832606,10.737332712832606,10.737332712832606,10.737332712832606,10.737332712832606,0.0,0.0,0.0,488.1049530070347
1994-08-01,482.0629441694845,379.659369725402,552.4209520050765,482.0629441694845,482.0629441694845,-11.264239987830019,-11.264239987830019,-11.264239987830019,-11.264239987830019,-11.264239987830019,-11.264239987830019,0.0,0.0,0.0,470.7987041816545
1994-09-01,486.758268044767,393.33133418161697,566.4978273586585,486.758268044767,486.758268044767,-8.037721649019781,-8.037721649019781,-8.037721649019781,-8.037721649019781,-8.037721649019781,-8.037721649019781,0.0,0.0,0.0,478.72054639574725
1994-10-01,491.3021298595565,385.56270040110905,555.67978798924,491.3021298595565,491.3021298595565,-18.882812122076924,-18.882812122076924,-18.882812122076924,-18.882812122076924,-18.882812122076924,-18.882812122076924,0.0,0.0,0.0,472.41931773747956
1994-11-01,495.997453734839,409.72562035553545,577.7640159179704,495.997453734839,495.997453734839,-3.0568106593383413,-3.0568106593383413,-3.0568106593383413,-3.0568106593383413,-3.0568106593383413,-3.0568106593383413,0.0,0.0,0.0,492.94064307550065
1994-12-01,500.54131554962845,421.0871033023948,586.518456724847,500.54131554962845,500.54131554962845,3.660711747280909,3.660711747280909,3.660711747280909,3.660711747280909,3.660711747280909,3.660711747280909,0.0,0.0,0.0,504.20202729690936
1995-01-01,508.48445901275085,422.48820182884543,599.8372515352522,508.48445901275085,508.48445901275085,3.4365618226531836,3.4365618226531836,3.4365618226531836,3.4365618226531836,3.4365618226531836,3.4365618226531836,0.0,0.0,0.0,511.921020835404
1995-02-01,516.4276024758732,429.07054142941354,607.8143914122696,516.4276024758732,516.4276024758732,3.285686896938505,3.285686896938505,3.285686896938505,3.285686896938505,3.285686896938505,3.285686896938505,0.0,0.0,0.0,519.7132893728117
1995-03-01,523.6020546361127,412.1648575770384,587.3511313764722,523.6020546361127,523.6020546361127,-22.812771872124983,-22.812771872124983,-22.812771872124983,-22.812771872124983,-22.812771872124983,-22.812771872124983,0.0,0.0,0.0,500.7892827639877
1995-04-01,531.5451980992352,437.1054350477728,615.9041640833548,531.5451980992352,531.5451980992352,-4.685435337617929,-4.685435337617929,-4.685435337617929,-4.685435337617929,-4.685435337617929,-4.685435337617929,0.0,0.0,0.0,526.8597627616173
1995-05-01,539.2321111280634,466.3414326058008,634.610441482437,539.2321111280634,539.2321111280634,5.345953982701318,5.345953982701318,5.345953982701318,5.345953982701318,5.345953982701318,5.345953982701318,0.0,0.0,0.0,544.5780651107647
1995-06-01,550.706683822139,465.24350443690673,640.9075107365198,550.706683822139,550.706683822139,1.8404295874082517,1.8404295874082517,1.8404295874082517,1.8404295874082517,1.8404295874082517,1.8404295874082517,0.0,0.0,0.0,552.5471134095473
1995-07-01,561.8111090099544,500.45955177103,667.2726885404512,561.8111090099544,561.8111090099544,21.620795477047697,21.620795477047697,21.620795477047697,21.620795477047697,21.620795477047697,21.620795477047697,0.0,0.0,0.0,583.4319044870022
1995-08-01,573.2856817040303,475.83503598038766,645.9502736725236,573.2856817040303,573.2856817040303,-10.547484897353979,-10.547484897353979,-10.547484897353979,-10.547484897353979,-10.547484897353979,-10.547484897353979,0.0,0.0,0.0,562.7381968066762
1995-09-01,584.7602543981061,484.072764725638,650.6656956653175,584.7602543981061,584.7602543981061,-16.88915434578916,-16.88915434578916,-16.88915434578916,-16.88915434578916,-16.88915434578916,-16.88915434578916,0.0,0.0,0.0,567.8711000523169
1995-10-01,595.8646795859216,483.6394909765139,656.4837488976243,595.8646795859216,595.8646795859216,-27.425541661857302,-27.425541661857302,-27.425541661857302,-27.425541661857302,-27.425541661857302,-27.425541661857302,0.0,0.0,0.0,568.4391379240643
1995-11-01,607.3392522799973,513.526662861974,692.2559224093472,607.3392522799973,607.3392522799973,-1.3055257847841375,-1.3055257847841375,-1.3055257847841375,-1.3055257847841375,-1.3055257847841375,-1.3055257847841375,0.0,0.0,0.0,606.0337264952132
1995-12-01,621.1415852594866,546.8021876893903,723.8013692254716,621.1415852594866,621.1415852594866,11.398028080140282,11.398028080140282,11.398028080140282,11.398028080140282,11.398028080140282,11.398028080140282,0.0,0.0,0.0,632.539613339627
1996-01-01,635.4039960049591,556.2507684017243,732.2127169137265,635.4039960049591,635.4039960049591,9.56604691894175,9.56604691894175,9.56604691894175,9.56604691894175,9.56604691894175,9.56604691894175,0.0,0.0,0.0,644.9700429239009
1996-02-01,649.6664067504313,569.0908383185083,741.3473344266672,649.6664067504313,649.6664067504313,5.946208084142016,5.946208084142016,5.946208084142016,5.946208084142016,5.946208084142016,5.946208084142016,0.0,0.0,0.0,655.6126148345733
1996-03-01,663.0086619639378,592.121084747575,756.5522356027369,663.0086619639378,663.0086619639378,15.20910168205765,15.20910168205765,15.20910168205765,15.20910168205765,15.20910168205765,15.20910168205765,0.0,0.0,0.0,678.2177636459954
1996-04-01,677.2710727094102,599.7479405152772,760.4369245368562,677.2710727094102,677.2710727094102,-1.21863145690203,-1.21863145690203,-1.21863145690203,-1.21863145690203,-1.21863145690203,-1.21863145690203,0.0,0.0,0.0,676.0524412525082
1996-05-01,692.544736971773,606.6893143170744,779.6379241492032,692.544736971773,692.544736971773,-1.8578402729212633,-1.8578402729212633,-1.8578402729212633,-1.8578402729212633,-1.8578402729212633,-1.8578402729212633,0.0,0.0,0.0,690.6868966988517
1996-06-01,708.3275233762142,616.3979444267708,799.5144340815863,708.3275233762142,708.3275233762142,0.6348584224402194,0.6348584224402194,0.6348584224402194,0.6348584224402194,0.6348584224402194,0.6348584224402194,0.0,0.0,0.0,708.9623817986544
1996-07-01,723.601187638577,628.7831771441112,802.125997474748,723.601187638577,723.601187638577,-11.283826940027906,-11.283826940027906,-11.283826940027906,-11.283826940027906,-11.283826940027906,-11.283826940027906,0.0,0.0,0.0,712.3173606985491
1996-08-01,739.3839740430186,633.7812567001888,821.1247648884965,739.3839740430186,739.3839740430186,-13.73862639242147,-13.73862639242147,-13.73862639242147,-13.73862639242147,-13.73862639242147,-13.73862639242147,0.0,0.0,0.0,725.6453476505972
1996-09-01,755.1667604474601,675.9873745746752,842.9694816298824,755.1667604474601,755.1667604474601,9.070615025883198,9.070615025883198,9.070615025883198,9.070615025883198,9.070615025883198,9.070615025883198,0.0,0.0,0.0,764.2373754733433
1996-10-01,770.7597808683854,683.7958422087806,859.2702680864307,770.7597808683854,770.7597808683854,-1.2086453275054307,-1.2086453275054307,-1.2086453275054307,-1.2086453275054307,-1.2086453275054307,-1.2086453275054307,0.0,0.0,0.0,769.55113554088
1996-11-01,786.8725686366746,695.243242550488,862.0911648754447,786.8725686366746,786.8725686366746,-5.609740122648145,-5.609740122648145,-5.609740122648145,-5.609740122648145,-5.609740122648145,-5.609740122648145,0.0,0.0,0.0,781.2628285140264
1996-12-01,802.4655890575998,702.028689035383,871.8286289994423,802.4655890575998,802.4655890575998,-11.490496947534671,-11.490496947534671,-11.490496947534671,-11.490496947534671,-11.490496947534671,-11.490496947534671,0.0,0.0,0.0,790.9750921100651
1997-01-01,818.5783768258894,725.320599003564,889.89898355626,818.5783768258894,818.5783768258894,-9.211754822163227,-9.211754822163227,-9.211754822163227,-9.211754822163227,-9.211754822163227,-9.211754822163227,0.0,0.0,0.0,809.3666220037262
1997-02-01,834.6911645941781,746.6778362522291,914.63398312792,834.6911645941781,834.6911645941781,-2.961101304104339,-2.961101304104339,-2.961101304104339,-2.961101304104339,-2.961101304104339,-2.961101304104339,0.0,0.0,0.0,831.7300632900738
1997-03-01,849.2446605488077,761.6824082026378,937.2762856026213,849.2446605488077,849.2446605488077,2.5704324955967204,2.5704324955967204,2.5704324955967204,2.5704324955967204,2.5704324955967204,2.5704324955967204,0.0,0.0,0.0,851.8150930444044
1997-04-01,865.3574596414333,776.7278941589003,951.8442118601836,865.3574596414333,865.3574596414333,-2.6030791999598075,-2.6030791999598075,-2.6030791999598075,-2.6030791999598075,-2.6030791999598075,-2.6030791999598075,0.0,0.0,0.0,862.7543804414735
1997-05-01,880.9504910213933,794.5591095566982,969.230949873754,880.9504910213933,880.9504910213933,0.4008074149039885,0.4008074149039885,0.4008074149039885,0.4008074149039885,0.4008074149039885,0.4008074149039885,0.0,0.0,0.0,881.3512984362973
1997-06-01,897.0632901140186,809.2465613392446,984.623548948473,897.0632901140186,897.0632901140186,0.8913481969704485,0.8913481969704485,0.8913481969704485,0.8913481969704485,0.8913481969704485,0.8913481969704485,0.0,0.0,0.0,897.954638310989
1997-07-01,912.656321493979,832.5320853946554,1000.7111469715995,912.656321493979,912.656321493979,-0.23545039104215182,-0.23545039104215182,-0.23545039104215182,-0.23545039104215182,-0.23545039104215182,-0.23545039104215182,0.0,0.0,0.0,912.4208711029369
1997-08-01,928.7691203639746,831.1284589421399,992.8478738986717,928.7691203639746,928.7691203639746,-12.328493766682005,-12.328493766682005,-12.328493766682005,-12.328493766682005,-12.328493766682005,-12.328493766682005,0.0,0.0,0.0,916.4406265972926
1997-09-01,944.88191923397,856.9331875317097,1030.3056668260474,944.88191923397,944.88191923397,0.6197591093529576,0.6197591093529576,0.6197591093529576,0.6197591093529576,0.6197591093529576,0.6197591093529576,0.0,0.0,0.0,945.501678343323
1997-10-01,960.474950398482,868.3472226113049,1042.2745441181846,960.474950398482,960.474950398482,-10.139593377050648,-10.139593377050648,-10.139593377050648,-10.139593377050648,-10.139593377050648,-10.139593377050648,0.0,0.0,0.0,950.3353570214313
1997-11-01,976.5877492684772,880.6683832613879,1060.5558944525906,976.5877492684772,976.5877492684772,-4.491887615119941,-4.491887615119941,-4.491887615119941,-4.491887615119941,-4.491887615119941,-4.491887615119941,0.0,0.0,0.0,972.0958616533572
1997-12-01,992.1807804329886,899.4938676414021,1072.655520737975,992.1807804329886,992.1807804329886,-3.97281345730115,-3.97281345730115,-3.97281345730115,-3.97281345730115,-3.97281345730115,-3.97281345730115,0.0,0.0,0.0,988.2079669756874
1998-01-01,1008.2935793029843,920.0600024269639,1084.2850566696093,1008.2935793029843,1008.2935793029843,-2.8263368626055283,-2.8263368626055283,-2.8263368626055283,-2.8263368626055283,-2.8263368626055283,-2.8263368626055283,0.0,0.0,0.0,1005.4672424403788
1998-02-01,1024.4063761156358,943.1154615003626,1111.956992452335,1024.4063761156358,1024.4063761156358,0.31558039105119706,0.31558039105119706,0.31558039105119706,0.31558039105119706,0.31558039105119706,0.31558039105119706,0.0,0.0,0.0,1024.721956506687
1998-03-01,1038.9598700109339,940.9560464447479,1111.5670794978014,1038.9598700109339,1038.9598700109339,-10.10885192056835,-10.10885192056835,-10.10885192056835,-10.10885192056835,-10.10885192056835,-10.10885192056835,0.0,0.0,0.0,1028.8510180903654
1998-04-01,1055.0726668235855,964.419522771228,1136.6194807604943,1055.0726668235855,1055.0726668235855,-3.7603806053090167,-3.7603806053090167,-3.7603806053090167,-3.7603806053090167,-3.7603806053090167,-3.7603806053090167,0.0,0.0,0.0,1051.3122862182765
1998-05-01,1070.665695997119,992.3072748008664,1156.7257607616123,1070.665695997119,1070.665695997119,2.8030757858663247,2.8030757858663247,2.8030757858663247,2.8030757858663247,2.8030757858663247,2.8030757858663247,0.0,0.0,0.0,1073.4687717829852
1998-06-01,1086.7784928097701,1001.1058639538252,1172.978058055969,1086.7784928097701,1086.7784928097701,1.294817328208007,1.294817328208007,1.294817328208007,1.294817328208007,1.294817328208007,1.294817328208007,0.0,0.0,0.0,1088.073310137978
1998-07-01,1100.3802922874308,1031.3668445093933,1199.0230025084932,1100.3802922874308,1100.3802922874308,10.73733271280421,10.73733271280421,10.73733271280421,10.73733271280421,10.73733271280421,10.73733271280421,0.0,0.0,0.0,1111.117625000235
1998-08-01,1114.4354850810132,1017.46054071961,1187.0752845424897,1114.4354850810132,1114.4354850810132,-11.26423998780378,-11.26423998780378,-11.26423998780378,-11.26423998780378,-11.26423998780378,-11.26423998780378,0.0,0.0,0.0,1103.1712450932093
1998-09-01,1128.4906778745958,1036.0957800773567,1205.5912373869908,1128.4906778745958,1128.4906778745958,-8.037721649017717,-8.037721649017717,-8.037721649017717,-8.037721649017717,-8.037721649017717,-8.037721649017717,0.0,0.0,0.0,1120.4529562255782
1998-10-01,1142.0924773522565,1032.296579995185,1212.8042045378527,1142.0924773522565,1142.0924773522565,-18.882812122077645,-18.882812122077645,-18.882812122077645,-18.882812122077645,-18.882812122077645,-18.882812122077645,0.0,0.0,0.0,1123.2096652301789
1998-11-01,1156.1476701458394,1073.0160836343641,1244.6344857741758,1156.1476701458394,1156.1476701458394,-3.0568106593490874,-3.0568106593490874,-3.0568106593490874,-3.0568106593490874,-3.0568106593490874,-3.0568106593490874,0.0,0.0,0.0,1153.0908594864902
1998-12-01,1165.0143491033814,1085.5060925861028,1253.6762853917712,1165.0143491033814,1165.0143491033814,3.6607117473184028,3.6607117473184028,3.6607117473184028,3.6607117473184028,3.6607117473184028,3.6607117473184028,0.0,0.0,0.0,1168.6750608506998
1999-01-01,1174.1765840261749,1090.1010287028676,1261.1070796917988,1174.1765840261749,1174.1765840261749,3.4365618226523376,3.4365618226523376,3.4365618226523376,3.4365618226523376,3.4365618226523376,3.4365618226523376,0.0,0.0,0.0,1177.6131458488271
1999-02-01,1183.3388189489683,1099.5473490446311,1273.554888379293,1183.3388189489683,1183.3388189489683,3.285686896942932,3.285686896942932,3.285686896942932,3.285686896942932,3.285686896942932,3.285686896942932,0.0,0.0,0.0,1186.6245058459112
1999-03-01,1191.6143859760075,1087.1322144418803,1251.9795451126317,1191.6143859760075,1191.6143859760075,-22.812771872077004,-22.812771872077004,-22.812771872077004,-22.812771872077004,-22.812771872077004,-22.812771872077004,0.0,0.0,0.0,1168.8016141039304
1999-04-01,1200.7766208988012,1109.1461153320874,1281.1714393826933,1200.7766208988012,1200.7766208988012,-4.685435337589977,-4.685435337589977,-4.685435337589977,-4.685435337589977,-4.685435337589977,-4.685435337589977,0.0,0.0,0.0,1196.0911855612112
1999-05-01,1209.6432998563432,1125.2808846553899,1301.0467131484,1209.6432998563432,1209.6432998563432,5.345953982695106,5.345953982695106,5.345953982695106,5.345953982695106,5.345953982695106,5.345953982695106,0.0,0.0,0.0,1214.9892538390384
1999-06-01,1218.8055347791367,1141.0863260185956,1298.3044660411806,1218.8055347791367,1218.8055347791367,1.8404295874046852,1.8404295874046852,1.8404295874046852,1.8404295874046852,1.8404295874046852,1.8404295874046852,0.0,0.0,0.0,1220.6459643665414
1999-07-01,1227.6722137366787,1164.8544567614242,1336.6357840527062,1227.6722137366787,1227.6722137366787,21.620795476950573,21.620795476950573,21.620795476950573,21.620795476950573,21.620795476950573,21.620795476950573,0.0,0.0,0.0,1249.2930092136294
1999-08-01,1236.8344486594724,1136.1797940202562,1305.2890194806541,1236.8344486594724,1236.8344486594724,-10.547484897348902,-10.547484897348902,-10.547484897348902,-10.547484897348902,-10.547484897348902,-10.547484897348902,0.0,0.0,0.0,1226.2869637621236
1999-09-01,1245.9966835822659,1143.087358386741,1310.0378700839144,1245.9966835822659,1245.9966835822659,-16.889154345817563,-16.889154345817563,-16.889154345817563,-16.889154345817563,-16.889154345817563,-16.889154345817563,0.0,0.0,0.0,1229.1075292364483
1999-10-01,1254.863362539808,1142.3725038967361,1313.7598711268206,1254.863362539808,1254.863362539808,-27.42554166186648,-27.42554166186648,-27.42554166186648,-27.42554166186648,-27.42554166186648,-27.42554166186648,0.0,0.0,0.0,1227.4378208779415
1999-11-01,1264.0255974626014,1172.913708474699,1353.0486571668573,1264.0255974626014,1264.0255974626014,-1.3055257847695856,-1.3055257847695856,-1.3055257847695856,-1.3055257847695856,-1.3055257847695856,-1.3055257847695856,0.0,0.0,0.0,1262.7200716778318
1999-12-01,1272.8922764201436,1199.4373564088587,1367.7686571937504,1272.8922764201436,1272.8922764201436,11.398028080187052,11.398028080187052,11.398028080187052,11.398028080187052,11.398028080187052,11.398028080187052,0.0,0.0,0.0,1284.2903045003306
2000-01-01,1282.054511342937,1203.2288330789438,1373.151753906355,1282.054511342937,1282.054511342937,9.566046919000664,9.566046919000664,9.566046919000664,9.566046919000664,9.566046919000664,9.566046919000664,0.0,0.0,0.0,1291.6205582619377
2000-02-01,1291.2167462657305,1212.1610990797155,1381.898615874566,1291.2167462657305,1291.2167462657305,5.946208084122306,5.946208084122306,5.946208084122306,5.946208084122306,5.946208084122306,5.946208084122306,0.0,0.0,0.0,1297.162954349853
2000-03-01,1299.7878692580214,1233.7066676465536,1398.4230140390887,1299.7878692580214,1299.7878692580214,15.209101681984981,15.209101681984981,15.209101681984981,15.209101681984981,15.209101681984981,15.209101681984981,0.0,0.0,0.0,1314.9969709400063
2000-04-01,1308.9501041808146,1219.592715693823,1392.7177980444574,1308.9501041808146,1308.9501041808146,-1.2186314569189718,-1.2186314569189718,-1.2186314569189718,-1.2186314569189718,-1.2186314569189718,-1.2186314569189718,0.0,0.0,0.0,1307.7314727238956
2000-05-01,1317.8167831383569,1228.0165037172565,1402.8899935187087,1317.8167831383569,1317.8167831383569,-1.8578402729180417,-1.8578402729180417,-1.8578402729180417,-1.8578402729180417,-1.8578402729180417,-1.8578402729180417,0.0,0.0,0.0,1315.9589428654388
2000-06-01,1326.9790180611503,1242.5940991674822,1415.0754006815648,1326.9790180611503,1326.9790180611503,0.6348584224578447,0.6348584224578447,0.6348584224578447,0.6348584224578447,0.6348584224578447,0.6348584224578447,0.0,0.0,0.0,1327.6138764836082
2000-07-01,1335.8456970186924,1234.4899833231077,1404.4520509871961,1335.8456970186924,1335.8456970186924,-11.28382693998342,-11.28382693998342,-11.28382693998342,-11.28382693998342,-11.28382693998342,-11.28382693998342,0.0,0.0,0.0,1324.561870078709
2000-08-01,1345.007931941486,1250.7340948796054,1421.6377558243844,1345.007931941486,1345.007931941486,-13.738626392412394,-13.738626392412394,-13.738626392412394,-13.738626392412394,-13.738626392412394,-13.738626392412394,0.0,0.0,0.0,1331.2693055490736
2000-09-01,1354.1701668642793,1285.0539391244674,1458.8174957622095,1354.1701668642793,1354.1701668642793,9.070615025914323,9.070615025914323,9.070615025914323,9.070615025914323,9.070615025914323,9.070615025914323,0.0,0.0,0.0,1363.2407818901936
2000-10-01,1363.0368458218215,1276.9553330246827,1452.5913235709893,1363.0368458218215,1363.0368458218215,-1.2086453275697255,-1.2086453275697255,-1.2086453275697255,-1.2086453275697255,-1.2086453275697255,-1.2086453275697255,0.0,0.0,0.0,1361.8282004942519
2000-11-01,1372.199080744615,1279.8382122576872,1447.2406332003036,1372.199080744615,1372.199080744615,-5.609740122648334,-5.609740122648334,-5.609740122648334,-5.609740122648334,-5.609740122648334,-5.609740122648334,0.0,0.0,0.0,1366.5893406219666
2000-12-01,1381.0657597021573,1287.0902321187198,1464.214332544937,1381.0657597021573,1381.0657597021573,-11.49049694749506,-11.49049694749506,-11.49049694749506,-11.49049694749506,-11.49049694749506,-11.49049694749506,0.0,0.0,0.0,1369.5752627546622
2001-01-01,1390.2279946249505,1292.4855646214278,1459.0222309555058,1390.2279946249505,1390.2279946249505,-9.211754822135383,-9.211754822135383,-9.211754822135383,-9.211754822135383,-9.211754822135383,-9.211754822135383,0.0,0.0,0.0,1381.016239802815
2001-02-01,1399.3902295477442,1318.4088367904087,1483.8393579250283,1399.3902295477442,1399.3902295477442,-2.961101304116151,-2.961101304116151,-2.961101304116151,-2.961101304116151,-2.961101304116151,-2.961101304116151,0.0,0.0,0.0,1396.429128243628
2001-03-01,1407.6657965747836,1332.7267760581913,1496.514594380025,1407.6657965747836,1407.6657965747836,2.5704324956379727,2.5704324956379727,2.5704324956379727,2.5704324956379727,2.5704324956379727,2.5704324956379727,0.0,0.0,0.0,1410.2362290704216
2001-04-01,1416.828031497577,1330.6981692827815,1503.1573658849711,1416.828031497577,1416.828031497577,-2.6030791999776093,-2.6030791999776093,-2.6030791999776093,-2.6030791999776093,-2.6030791999776093,-2.6030791999776093,0.0,0.0,0.0,1414.2249522975994
2001-05-01,1425.694710455119,1341.6272234800308,1516.29121493732,1425.694710455119,1425.694710455119,0.4008074148869657,0.4008074148869657,0.4008074148869657,0.4008074148869657,0.4008074148869657,0.4008074148869657,0.0,0.0,0.0,1426.095517870006
2001-06-01,1434.8569453779126,1354.8604894197197,1522.8219250987056,1434.8569453779126,1434.8569453779126,0.89134819697324,0.89134819697324,0.89134819697324,0.89134819697324,0.89134819697324,0.89134819697324,0.0,0.0,0.0,1435.7482935748858
2001-07-01,1443.7236243354546,1362.264022969927,1529.3207193794517,1443.7236243354546,1443.7236243354546,-0.23545039108305044,-0.23545039108305044,-0.23545039108305044,-0.23545039108305044,-0.23545039108305044,-0.23545039108305044,0.0,0.0,0.0,1443.4881739443715
2001-08-01,1452.8858592582483,1354.1799213558436,1525.175571038124,1452.8858592582483,1452.8858592582483,-12.328493766681342,-12.328493766681342,-12.328493766681342,-12.328493766681342,-12.328493766681342,-12.328493766681342,0.0,0.0,0.0,1440.557365491567
2001-08-31,1461.7525382157903,1342.055943487373,1511.5656663593581,1461.7525382157903,1461.7525382157903,-35.12139141478179,-35.12139141478179,-35.12139141478179,-35.12139141478179,-35.12139141478179,-35.12139141478179,0.0,0.0,0.0,1426.6311468010085
2001-09-30,1470.6192171733323,1345.642762047798,1510.7574326252825,1470.2872267962869,1470.8025815566655,-43.860360529117145,-43.860360529117145,-43.860360529117145,-43.860360529117145,-43.860360529117145,-43.860360529117145,0.0,0.0,0.0,1426.7588566442153
2001-10-31,1479.781452096126,1397.0764325384234,1563.413972492987,1478.943017795774,1480.3542261093921,3.138590518845745,3.138590518845745,3.138590518845745,3.138590518845745,3.138590518845745,3.138590518845745,0.0,0.0,0.0,1482.9200426149719
2001-11-30,1488.648131053668,1432.346354997826,1603.7065007235121,1486.8953015714876,1489.8992548931153,27.134805423603808,27.134805423603808,27.134805423603808,27.134805423603808,27.134805423603808,27.134805423603808,0.0,0.0,0.0,1515.782936477272
2001-12-31,1497.8103659764618,1433.3520429225991,1600.13289609233,1495.1629402227636,1499.9588762322087,21.38254316931914,21.38254316931914,21.38254316931914,21.38254316931914,21.38254316931914,21.38254316931914,0.0,0.0,0.0,1519.192909145781
2002-01-31,1506.9726008992552,1435.4124454807827,1599.5225038672684,1503.2654694601022,1510.074655246462,10.329425250344803,10.329425250344803,10.329425250344803,10.329425250344803,10.329425250344803,10.329425250344803,0.0,0.0,0.0,1517.3020261496001
2002-02-28,1515.2481679262946,1362.7852216302524,1536.955542673462,1510.5039970793046,1519.288798497378,-60.91174658420661,-60.91174658420661,-60.91174658420661,-60.91174658420661,-60.91174658420661,-60.91174658420661,0.0,0.0,0.0,1454.336421342088
2002-03-31,1524.4104028490879,1434.2450001069142,1603.0968570332554,1518.5075368902703,1529.5442381352289,-6.022377403753207,-6.022377403753207,-6.022377403753207,-6.022377403753207,-6.022377403753207,-6.022377403753207,0.0,0.0,0.0,1518.3880254453347
2002-04-30,1533.2770818066301,1460.1989417603947,1627.2606087011484,1526.040935457511,1539.4608296409422,13.783324128597764,13.783324128597764,13.783324128597764,13.783324128597764,13.783324128597764,13.783324128597764,0.0,0.0,0.0,1547.060405935228
2002-05-31,1542.4393167294236,1461.1990578812406,1635.6479873769833,1533.700064724018,1550.0197848264725,4.277914288896347,4.277914288896347,4.277914288896347,4.277914288896347,4.277914288896347,4.277914288896347,0.0,0.0,0.0,1546.71723101832
2002-06-30,1551.3059956869658,1524.952552559247,1691.9076512947706,1541.1843407086524,1560.4015590421302,53.60110334470193,53.60110334470193,53.60110334470193,53.60110334470193,53.60110334470193,53.60110334470193,0.0,0.0,0.0,1604.9070990316677
2002-07-31,1560.4682306097588,1467.107835126083,1629.7831285252091,1548.5984512540435,1571.017824677394,-10.488829331761268,-10.488829331761268,-10.488829331761268,-10.488829331761268,-10.488829331761268,-10.488829331761268,0.0,0.0,0.0,1549.9794012779976
2002-08-31,1569.6304655325525,1437.6405652800086,1612.2364335083012,1556.2128791304997,1581.4867574232085,-44.475127246526476,-44.475127246526476,-44.475127246526476,-44.475127246526476,-44.475127246526476,-44.475127246526476,0.0,0.0,0.0,1525.155338286026
2002-09-30,1578.4971444900946,1437.098824089208,1615.6351198535224,1563.2262332595787,1591.7193403789674,-51.728862408472835,-51.728862408472835,-51.728862408472835,-51.728862408472835,-51.728862408472835,-51.728862408472835,0.0,0.0,0.0,1526.7682820816217
2002-10-31,1587.6593794128883,1502.395752928564,1679.3407150971652,1570.6779473660426,1602.8410758888094,5.826384477911014,5.826384477911014,5.826384477911014,5.826384477911014,5.826384477911014,5.826384477911014,0.0,0.0,0.0,1593.4857638907993
2002-11-30,1596.5260583704303,1540.370975906707,1716.144027692824,1577.8904883628743,1613.4875410370357,35.109207045782405,35.109207045782405,35.109207045782405,35.109207045782405,35.109207045782405,35.109207045782405,0.0,0.0,0.0,1631.6352654162126
2002-12-31,1605.688293293224,1545.3621739230614,1720.3714467339573,1585.5239952817699,1624.2873473051854,27.049170263090105,27.049170263090105,27.049170263090105,27.049170263090105,27.049170263090105,27.049170263090105,0.0,0.0,0.0,1632.7374635563142
2003-01-31,1614.8505282160177,1537.7639453424847,1711.4972948230334,1592.9200640207387,1635.7008994515552,12.049078191297294,12.049078191297294,12.049078191297294,12.049078191297294,12.049078191297294,12.049078191297294,0.0,0.0,0.0,1626.8996064073149
2003-02-28,1623.1260952430569,1457.837287211783,1639.625344382923,1599.1778156569605,1645.8766062056256,-73.55352441258877,-73.55352441258877,-73.55352441258877,-73.55352441258877,-73.55352441258877,-73.55352441258877,0.0,0.0,0.0,1549.572570830468
2003-03-31,1632.28833016585,1539.8836311834862,1723.0565035165264,1606.5106711353951,1656.896803086902,-5.975869706009227,-5.975869706009227,-5.975869706009227,-5.975869706009227,-5.975869706009227,-5.975869706009227,0.0,0.0,0.0,1626.3124604598408
2003-04-30,1641.1550091233923,1560.9290606499085,1748.6808214272883,1613.5993621351179,1668.245841551422,16.852155015293327,16.852155015293327,16.852155015293327,16.852155015293327,16.852155015293327,16.852155015293327,0.0,0.0,0.0,1658.0071641386858
2003-05-31,1650.3172440461858,1566.4576382789542,1745.1197606309458,1620.4297103502843,1679.6533868168312,5.338702986064297,5.338702986064297,5.338702986064297,5.338702986064297,5.338702986064297,5.338702986064297,0.0,0.0,0.0,1655.6559470322502
2003-06-30,1659.183923003728,1632.0445381429565,1820.4011070777835,1626.8777452006632,1691.4248603062406,63.99431243119719,63.99431243119719,63.99431243119719,63.99431243119719,63.99431243119719,63.99431243119719,0.0,0.0,0.0,1723.1782354349252
2003-07-31,1668.3461579265215,1561.8173048566546,1741.262946249746,1633.7518013436904,1703.3144645872285,-11.165487711237663,-11.165487711237663,-11.165487711237663,-11.165487711237663,-11.165487711237663,-11.165487711237663,0.0,0.0,0.0,1657.180670215284
2003-08-31,1677.5083928493148,1537.3147657173631,1717.9050029602167,1640.8505624949762,1714.8202900715162,-53.968725842015544,-53.968725842015544,-53.968725842015544,-53.968725842015544,-53.968725842015544,-53.968725842015544,0.0,0.0,0.0,1623.5396670072992
2003-09-30,1686.3750718068568,1536.1109051917974,1724.5230066573365,1647.705549725307,1726.7862849402522,-59.349742096122675,-59.349742096122675,-59.349742096122675,-59.349742096122675,-59.349742096122675,-59.349742096122675,0.0,0.0,0.0,1627.025329710734
2003-10-31,1695.5373067296505,1611.0879847371323,1798.427660156901,1653.879594519029,1737.3660340318556,8.820318427914517,8.820318427914517,8.820318427914517,8.820318427914517,8.820318427914517,8.820318427914517,0.0,0.0,0.0,1704.357625157565
2003-11-30,1704.4039856871925,1654.901296982638,1849.766538777544,1660.0290650560282,1749.9362393170766,43.13732727121682,43.13732727121682,43.13732727121682,43.13732727121682,43.13732727121682,43.13732727121682,0.0,0.0,0.0,1747.5413129584094
2003-12-31,1713.5662206099862,1646.575261470296,1847.9283555355232,1666.8364723061118,1761.464559774341,32.541654659229216,32.541654659229216,32.541654659229216,32.541654659229216,32.541654659229216,32.541654659229216,0.0,0.0,0.0,1746.1078752692154
2004-01-31,1722.72845553278,1638.6095848542873,1842.9679371237232,1673.524625321638,1773.97778339354,13.453061197490706,13.453061197490706,13.453061197490706,13.453061197490706,13.453061197490706,13.453061197490706,0.0,0.0,0.0,1736.1815167302707
2004-02-29,1731.2995785250703,1599.6798081790857,1792.1949188952053,1679.4522542187863,1786.1613071551544,-35.52528389909942,-35.52528389909942,-35.52528389909942,-35.52528389909942,-35.52528389909942,-35.52528389909942,0.0,0.0,0.0,1695.774294625971
2004-03-31,1740.461813447864,1629.2651399638976,1828.8553338912454,1686.1340084295452,1798.3322620107838,-5.373555802138341,-5.373555802138341,-5.373555802138341,-5.373555802138341,-5.373555802138341,-5.373555802138341,0.0,0.0,0.0,1735.0882576457257
2004-04-30,1749.328492405406,1651.9912468701104,1857.4532584060742,1692.7497042580956,1810.9676289648457,8.026107913554767,8.026107913554767,8.026107913554767,8.026107913554767,8.026107913554767,8.026107913554767,0.0,0.0,0.0,1757.3546003189608
2004-05-31,1758.4907273281997,1660.933553307733,1867.2667554448547,1699.9299150192087,1824.0683336728318,2.5230866811216104,2.5230866811216104,2.5230866811216104,2.5230866811216104,2.5230866811216104,2.5230866811216104,0.0,0.0,0.0,1761.0138140093213
2004-06-30,1767.3574062857417,1692.361098076904,1911.009300928124,1706.1173699206856,1836.1478041525434,32.4014097547853,32.4014097547853,32.4014097547853,32.4014097547853,32.4014097547853,32.4014097547853,0.0,0.0,0.0,1799.758816040527
2004-07-31,1776.5196412085354,1663.0214941845736,1870.90145085669,1713.190833041861,1847.0354811237298,-10.179210139455956,-10.179210139455956,-10.179210139455956,-10.179210139455956,-10.179210139455956,-10.179210139455956,0.0,0.0,0.0,1766.3404310690794
