ds,trend,yhat_lower,yhat_upper,trend_lower,trend_upper,additive_terms,additive_terms_lower,additive_terms_upper,yearly,yearly_lower,yearly_upper,multiplicative_terms,multiplicative_terms_lower,multiplicative_terms_upper,yhat
1988-01-01,243.15020577761044,124.20192525430434,382.18243842189355,243.15020577761044,243.15020577761044,9.072749767144819,9.072749767144819,9.072749767144819,9.072749767144819,9.072749767144819,9.072749767144819,0.0,0.0,0.0,252.22295554475525
1988-02-01,246.4528201250215,138.4918026244691,373.38200626339034,246.4528201250215,246.4528201250215,9.218722298830386,9.218722298830386,9.218722298830386,9.218722298830386,9.218722298830386,9.218722298830386,0.0,0.0,0.0,255.6715424238519
1988-03-01,249.54236257905123,141.4522559159565,387.3798430444233,249.54236257905123,249.54236257905123,17.218226143766408,17.218226143766408,17.218226143766408,17.218226143766408,17.218226143766408,17.218226143766408,0.0,0.0,0.0,266.76058872281766
1988-04-01,252.8449769264623,131.58287700096048,383.9252413581117,252.8449769264623,252.8449769264623,4.246555082074453,4.246555082074453,4.246555082074453,4.246555082074453,4.246555082074453,4.246555082074453,0.0,0.0,0.0,257.0915320085368
1988-05-01,256.0410553271827,133.29749853375458,390.65769216042236,256.0410553271827,256.0410553271827,-0.33133370671980766,-0.33133370671980766,-0.33133370671980766,-0.33133370671980766,-0.33133370671980766,-0.33133370671980766,0.0,0.0,0.0,255.70972162046286
1988-06-01,259.34366967459374,138.6484357064032,381.4814432845835,259.34366967459374,259.34366967459374,7.056575626909183,7.056575626909183,7.056575626909183,7.056575626909183,7.056575626909183,7.056575626909183,0.0,0.0,0.0,266.40024530150293
1988-07-01,262.5397480753141,132.77778149358602,382.60197573666073,262.5397480753141,262.5397480753141,-2.2069516397157316,-2.2069516397157316,-2.2069516397157316,-2.2069516397157316,-2.2069516397157316,-2.2069516397157316,0.0,0.0,0.0,260.33279643559837
1988-08-01,265.84236242272516,135.10084336661615,385.1923689545973,265.84236242272516,265.84236242272516,0.7889468085820014,0.7889468085820014,0.7889468085820014,0.7889468085820014,0.7889468085820014,0.7889468085820014,0.0,0.0,0.0,266.63130923130717
1988-09-01,269.14497657251263,122.56403077080945,359.5820426798006,269.14497657251263,269.14497657251263,-24.902782408930833,-24.902782408930833,-24.902782408930833,-24.902782408930833,-24.902782408930833,-24.902782408930833,0.0,0.0,0.0,244.24219416358181
1988-10-01,272.34105478198427,116.93224766784353,362.9177162149963,272.34105478198427,272.34105478198427,-26.169633754680927,-26.169633754680927,-26.169633754680927,-26.169633754680927,-26.169633754680927,-26.169633754680927,0.0,0.0,0.0,246.17142102730335
1988-11-01,275.6436689317717,139.70997427377768,390.0893371433197,275.6436689317717,275.6436689317717,-11.351033013156067,-11.351033013156067,-11.351033013156067,-11.351033013156067,-11.351033013156067,-11.351033013156067,0.0,0.0,0.0,264.29263591861564
1988-12-01,278.8397471412434,149.95772983619534,390.6423144860436,278.8397471412434,278.8397471412434,-7.3091439118745365,-7.3091439118745365,-7.3091439118745365,-7.3091439118745365,-7.3091439118745365,-7.3091439118745365,0.0,0.0,0.0,271.53060322936886
1989-01-01,282.1423612910308,140.30474214836954,397.17483865211034,282.1423612910308,282.1423612910308,-8.75149137341832,-8.75149137341832,-8.75149137341832,-8.75149137341832,-8.75149137341832,-8.75149137341832,0.0,0.0,0.0,273.39086991761246
1989-02-01,285.4449754408182,151.81481134773412,391.44076136155013,285.4449754408182,285.4449754408182,-11.306387558912185,-11.306387558912185,-11.306387558912185,-11.306387558912185,-11.306387558912185,-11.306387558912185,0.0,0.0,0.0,274.138587881906
1989-03-01,288.42798176570005,169.25046131916557,420.3595060366666,288.42798176570005,288.42798176570005,4.999983249818295,4.999983249818295,4.999983249818295,4.999983249818295,4.999983249818295,4.999983249818295,0.0,0.0,0.0,293.42796501551834
1989-04-01,291.730595911105,176.7211490700214,420.3118095778724,291.730595911105,291.730595911105,1.1376236476350927,1.1376236476350927,1.1376236476350927,1.1376236476350927,1.1376236476350927,1.1376236476350927,0.0,0.0,0.0,292.8682195587401
1989-05-01,294.92667411633556,176.89422710096852,423.5836329484125,294.92667411633556,294.92667411633556,3.406700362735356,3.406700362735356,3.406700362735356,3.406700362735356,3.406700362735356,3.406700362735356,0.0,0.0,0.0,298.3333744790709
1989-06-01,298.22928826174046,180.07690327813043,434.78661104615287,298.22928826174046,298.22928826174046,8.653488592330088,8.653488592330088,8.653488592330088,8.653488592330088,8.653488592330088,8.653488592330088,0.0,0.0,0.0,306.8827768540705
1989-07-01,301.425366466971,180.68598956451896,430.92195355066207,301.425366466971,301.425366466971,4.626521629338221,4.626521629338221,4.626521629338221,4.626521629338221,4.626521629338221,4.626521629338221,0.0,0.0,0.0,306.05188809630926
1989-08-01,304.727980612376,169.0540503222464,422.44947140260126,304.727980612376,304.727980612376,-2.0589184393013564,-2.0589184393013564,-2.0589184393013564,-2.0589184393013564,-2.0589184393013564,-2.0589184393013564,0.0,0.0,0.0,302.6690621730746
1989-09-01,308.0305947577809,151.95353256158296,397.851634179227,308.0305947577809,308.0305947577809,-26.97098631697738,-26.97098631697738,-26.97098631697738,-26.97098631697738,-26.97098631697738,-26.97098631697738,0.0,0.0,0.0,281.0596084408035
1989-10-01,311.2266729558978,158.68968183042375,412.9499963503151,311.2266729558978,311.2266729558978,-30.363960112535278,-30.363960112535278,-30.363960112535278,-30.363960112535278,-30.363960112535278,-30.363960112535278,0.0,0.0,0.0,280.86271284336254
1989-11-01,314.529287093952,183.333882248457,427.2998340322426,314.529287093952,314.529287093952,-12.490739304107956,-12.490739304107956,-12.490739304107956,-12.490739304107956,-12.490739304107956,-12.490739304107956,0.0,0.0,0.0,302.0385477898441
1989-12-01,317.72536529206894,189.86542060960176,434.0879235418997,317.72536529206894,317.72536529206894,-5.904377935456605,-5.904377935456605,-5.904377935456605,-5.904377935456605,-5.904377935456605,-5.904377935456605,0.0,0.0,0.0,311.82098735661236
1990-01-01,321.02797943012314,193.18236504330423,446.1305090365402,321.02797943012314,321.02797943012314,-2.836917781756632,-2.836917781756632,-2.836917781756632,-2.836917781756632,-2.836917781756632,-2.836917781756632,0.0,0.0,0.0,318.1910616483665
1990-02-01,324.3305935681773,195.96423942406238,454.25146725630015,324.3305935681773,324.3305935681773,-4.212025149532929,-4.212025149532929,-4.212025149532929,-4.212025149532929,-4.212025149532929,-4.212025149532929,0.0,0.0,0.0,320.1185684186444
1990-03-01,327.3135998864198,185.18108228044488,436.45909730165016,327.3135998864198,327.3135998864198,-7.325424490420729,-7.325424490420729,-7.325424490420729,-7.325424490420729,-7.325424490420729,-7.325424490420729,0.0,0.0,0.0,319.98817539599906
1990-04-01,330.616214024474,215.71542109175854,449.7676535907985,330.616214024474,330.616214024474,-1.753677684730608,-1.753677684730608,-1.753677684730608,-1.753677684730608,-1.753677684730608,-1.753677684730608,0.0,0.0,0.0,328.8625363397434
1990-05-01,333.81229241526773,221.7209718093064,469.0907286429026,333.81229241526773,333.81229241526773,7.293935779397468,7.293935779397468,7.293935779397468,7.293935779397468,7.293935779397468,7.293935779397468,0.0,0.0,0.0,341.1062281946652
1990-06-01,337.1149067524213,223.1714077245619,472.0932765710931,337.1149067524213,337.1149067524213,10.31208787492112,10.31208787492112,10.31208787492112,10.31208787492112,10.31208787492112,10.31208787492112,0.0,0.0,0.0,347.4269946273424
1990-07-01,340.310985143215,222.54802898838628,471.62092654454455,340.310985143215,340.310985143215,11.350705161947355,11.350705161947355,11.350705161947355,11.350705161947355,11.350705161947355,11.350705161947355,0.0,0.0,0.0,351.6616903051624
1990-08-01,343.6135994803686,211.66490120842263,461.26903481770086,343.6135994803686,343.6135994803686,-5.088154257091929,-5.088154257091929,-5.088154257091929,-5.088154257091929,-5.088154257091929,-5.088154257091929,0.0,0.0,0.0,338.5254452232766
1990-09-01,346.91621381752213,181.86673615267824,439.54526350314075,346.91621381752213,346.91621381752213,-29.10137692542129,-29.10137692542129,-29.10137692542129,-29.10137692542129,-29.10137692542129,-29.10137692542129,0.0,0.0,0.0,317.81483689210086
1990-10-01,350.11229220831586,201.37380333686957,446.64704899168316,350.11229220831586,350.11229220831586,-34.506620833002934,-34.506620833002934,-34.506620833002934,-34.506620833002934,-34.506620833002934,-34.506620833002934,0.0,0.0,0.0,315.6056713753129
1990-11-01,353.4149065454694,226.63347913367315,464.0958140731002,353.4149065454694,353.4149065454694,-13.495855396474253,-13.495855396474253,-13.495855396474253,-13.495855396474253,-13.495855396474253,-13.495855396474253,0.0,0.0,0.0,339.91905114899515
1990-12-01,356.6109849205905,225.22729757357615,473.093712780611,356.6109849205905,356.6109849205905,-4.360794838433042,-4.360794838433042,-4.360794838433042,-4.360794838433042,-4.360794838433042,-4.360794838433042,0.0,0.0,0.0,352.2501900821575
1991-01-01,359.91359924154904,238.20657384942197,479.59143560577775,359.91359924154904,359.91359924154904,3.1077201681074955,3.1077201681074955,3.1077201681074955,3.1077201681074955,3.1077201681074955,3.1077201681074955,0.0,0.0,0.0,363.02131940965654
1991-02-01,363.21621356250756,237.53658755675434,490.2160653657406,363.21621356250756,363.21621356250756,2.63219921154703,2.63219921154703,2.63219921154703,2.63219921154703,2.63219921154703,2.63219921154703,0.0,0.0,0.0,365.84841277405457
1991-03-01,366.19922004595395,218.63254497897873,462.2096454410135,366.19922004595395,366.19922004595395,-19.743178977458363,-19.743178977458363,-19.743178977458363,-19.743178977458363,-19.743178977458363,-19.743178977458363,0.0,0.0,0.0,346.4560410684956
1991-04-01,369.5018343669124,245.7245961263966,482.56207925644986,369.5018343669124,369.5018343669124,-4.420977128067591,-4.420977128067591,-4.420977128067591,-4.420977128067591,-4.420977128067591,-4.420977128067591,0.0,0.0,0.0,365.0808572388448
1991-05-01,372.6979127420337,263.98986609633283,504.799412704948,372.6979127420337,372.6979127420337,11.325850039708756,11.325850039708756,11.325850039708756,11.325850039708756,11.325850039708756,11.325850039708756,0.0,0.0,0.0,384.02376278174245
1991-06-01,376.0005271296616,251.8855317776759,517.5072579235979,376.0005271296616,376.0005271296616,12.027075397366454,12.027075397366454,12.027075397366454,12.027075397366454,12.027075397366454,12.027075397366454,0.0,0.0,0.0,388.027602527028
1991-07-01,379.1966055693016,279.0920182365677,529.1710863206301,379.1966055693016,379.1966055693016,17.957782656981777,17.957782656981777,17.957782656981777,17.957782656981777,17.957782656981777,17.957782656981777,0.0,0.0,0.0,397.15438822628334
1991-08-01,382.4992199569295,252.80262278484946,503.1914990318812,382.4992199569295,382.4992199569295,-8.29623920659043,-8.29623920659043,-8.29623920659043,-8.29623920659043,-8.29623920659043,-8.29623920659043,0.0,0.0,0.0,374.20298075033907
1991-09-01,385.8018343445575,225.91870149758572,482.4341371318004,385.8018343445575,385.8018343445575,-31.28901831340233,-31.28901831340233,-31.28901831340233,-31.28901831340233,-31.28901831340233,-31.28901831340233,0.0,0.0,0.0,354.5128160311552
1991-10-01,388.9979127841975,219.27494189866928,470.21281689072407,388.9979127841975,388.9979127841975,-38.59146681410737,-38.59146681410737,-38.59146681410737,-38.59146681410737,-38.59146681410737,-38.59146681410737,0.0,0.0,0.0,350.40644597009015
1991-11-01,392.30052717182554,246.0514026278342,502.64037853389027,392.30052717182554,392.30052717182554,-14.36443697062335,-14.36443697062335,-14.36443697062335,-14.36443697062335,-14.36443697062335,-14.36443697062335,0.0,0.0,0.0,377.9360902012022
1991-12-01,395.49660561146544,269.62418962471907,517.7426996378771,395.49660561146544,395.49660561146544,-2.682387138331258,-2.682387138331258,-2.682387138331258,-2.682387138331258,-2.682387138331258,-2.682387138331258,0.0,0.0,0.0,392.8142184731342
1992-01-01,398.7992199743699,270.3126320779508,524.3055757307296,398.7992199743699,398.7992199743699,9.072749767140332,9.072749767140332,9.072749767140332,9.072749767140332,9.072749767140332,9.072749767140332,0.0,0.0,0.0,407.87196974151027
1992-02-01,402.10183433727445,295.21632940893625,538.1168627547098,402.10183433727445,402.10183433727445,9.218722298857351,9.218722298857351,9.218722298857351,9.218722298857351,9.218722298857351,9.218722298857351,0.0,0.0,0.0,411.3205566361318
1992-03-01,405.19137680579803,299.0620665432399,549.8698037537598,405.19137680579803,405.19137680579803,17.218226143774803,17.218226143774803,17.218226143774803,17.218226143774803,17.218226143774803,17.218226143774803,0.0,0.0,0.0,422.40960294957284
1992-04-01,408.4939911687026,282.8025626758116,531.210801751626,408.4939911687026,408.4939911687026,4.246555082072209,4.246555082072209,4.246555082072209,4.246555082072209,4.246555082072209,4.246555082072209,0.0,0.0,0.0,412.74054625077486
1992-05-01,411.6900695844167,289.9312885405096,532.8467986407954,411.6900695844167,411.6900695844167,-0.3313337067273622,-0.3313337067273622,-0.3313337067273622,-0.3313337067273622,-0.3313337067273622,-0.3313337067273622,0.0,0.0,0.0,411.3587358776893
1992-06-01,414.99268394732115,297.6758514224716,543.690309334549,414.99268394732115,414.99268394732115,7.056575626921388,7.056575626921388,7.056575626921388,7.056575626921388,7.056575626921388,7.056575626921388,0.0,0.0,0.0,422.04925957424257
1992-07-01,418.1887623630352,294.8736671906767,540.9935247517052,418.1887623630352,418.1887623630352,-2.206951639736719,-2.206951639736719,-2.206951639736719,-2.206951639736719,-2.206951639736719,-2.206951639736719,0.0,0.0,0.0,415.9818107232985
1992-08-01,421.500730049635,298.8602007384005,548.7355346541624,421.500730049635,421.500730049635,0.7889468085814444,0.7889468085814444,0.7889468085814444,0.7889468085814444,0.7889468085814444,0.7889468085814444,0.0,0.0,0.0,422.28967685821647
1992-09-01,424.81269773623484,286.85045394770407,524.2173126264686,424.81269773623484,424.81269773623484,-24.902782408930786,-24.902782408930786,-24.902782408930786,-24.902782408930786,-24.902782408930786,-24.902782408930786,0.0,0.0,0.0,399.9099153273041
1992-10-01,428.01782775552505,271.3031465513436,522.1238480926339,428.01782775552505,428.01782775552505,-26.16963375467996,-26.16963375467996,-26.16963375467996,-26.16963375467996,-26.16963375467996,-26.16963375467996,0.0,0.0,0.0,401.84819400084507
1992-11-01,431.32979544212486,296.7058358608289,544.0340001600406,431.32979544212486,431.32979544212486,-11.351033013157506,-11.351033013157506,-11.351033013157506,-11.351033013157506,-11.351033013157506,-11.351033013157506,0.0,0.0,0.0,419.97876242896734
1992-12-01,434.534925461415,297.41232591736286,557.0540024743068,434.534925461415,434.534925461415,-7.309143911877163,-7.309143911877163,-7.309143911877163,-7.309143911877163,-7.309143911877163,-7.309143911877163,0.0,0.0,0.0,427.2257815495378
1993-01-01,437.84689314801483,308.5517595320473,553.9477194930216,437.84689314801483,437.84689314801483,-8.751491373414352,-8.751491373414352,-8.751491373414352,-8.751491373414352,-8.751491373414352,-8.751491373414352,0.0,0.0,0.0,429.0954017746005
1993-02-01,441.1690739777259,307.18618567094154,556.8374633221424,441.1690739777259,441.1690739777259,-11.306387558901422,-11.306387558901422,-11.306387558901422,-11.306387558901422,-11.306387558901422,-11.306387558901422,0.0,0.0,0.0,429.86268641882447
1993-03-01,444.16975343681975,326.97568762720715,575.2720355392104,444.16975343681975,444.16975343681975,4.999983249824868,4.999983249824868,4.999983249824868,4.999983249824868,4.999983249824868,4.999983249824868,0.0,0.0,0.0,449.1697366866446
1993-04-01,447.49193426653073,328.1434096351581,572.1954655321102,447.49193426653073,447.49193426653073,1.1376236476308064,1.1376236476308064,1.1376236476308064,1.1376236476308064,1.1376236476308064,1.1376236476308064,0.0,0.0,0.0,448.6295579141615
1993-05-01,450.7069479727028,328.73669818226557,578.3598594437867,450.7069479727028,450.7069479727028,3.406700362737752,3.406700362737752,3.406700362737752,3.406700362737752,3.406700362737752,3.406700362737752,0.0,0.0,0.0,454.11364833544053
1993-06-01,454.0291288024138,344.3680516227328,589.1254735619247,454.0291288024138,454.0291288024138,8.653488592327273,8.653488592327273,8.653488592327273,8.653488592327273,8.653488592327273,8.653488592327273,0.0,0.0,0.0,462.6826173947411
1993-07-01,457.2441425085858,334.3437402412072,585.6125335316779,457.2441425085858,457.2441425085858,4.626521629332551,4.626521629332551,4.626521629332551,4.626521629332551,4.626521629332551,4.626521629332551,0.0,0.0,0.0,461.87066413791837
1993-08-01,460.5663233382968,340.15781223054773,582.231697334539,460.5663233382968,460.5663233382968,-2.058918439288557,-2.058918439288557,-2.058918439288557,-2.058918439288557,-2.058918439288557,-2.058918439288557,0.0,0.0,0.0,458.50740489900824
1993-09-01,463.9218190691158,306.59901775337505,563.9645394841127,463.9218190691158,463.9218190691158,-26.97098631696044,-26.97098631696044,-26.97098631696044,-26.97098631696044,-26.97098631696044,-26.97098631696044,0.0,0.0,0.0,436.9508327521554
1993-10-01,467.1690730021665,308.1635172085176,556.4840660932224,467.1690730021665,467.1690730021665,-30.363960112562193,-30.363960112562193,-30.363960112562193,-30.363960112562193,-30.363960112562193,-30.363960112562193,0.0,0.0,0.0,436.8051128896043
1993-11-01,470.52456873298553,332.5105291095241,590.070259130241,470.52456873298553,470.52456873298553,-12.490739304106539,-12.490739304106539,-12.490739304106539,-12.490739304106539,-12.490739304106539,-12.490739304106539,0.0,0.0,0.0,458.033829428879
1993-12-01,473.7718226660362,337.4804853300437,595.0748296912575,473.7718226660362,473.7718226660362,-5.90437793545602,-5.90437793545602,-5.90437793545602,-5.90437793545602,-5.90437793545602,-5.90437793545602,0.0,0.0,0.0,467.8674447305802
1994-01-01,477.1273183968553,347.8440050281437,597.2125481076062,477.1273183968553,477.1273183968553,-2.836917781753772,-2.836917781753772,-2.836917781753772,-2.836917781753772,-2.836917781753772,-2.836917781753772,0.0,0.0,0.0,474.29040061510153
1994-02-01,480.48281412767426,352.2175163288058,600.2882983163142,480.48281412767426,480.48281412767426,-4.212025149531421,-4.212025149531421,-4.212025149531421,-4.212025149531421,-4.212025149531421,-4.212025149531421,0.0,0.0,0.0,476.27078897814283
1994-03-01,483.5135844651882,347.9529274626241,597.7076766198276,483.5135844651882,483.5135844651882,-7.325424490427707,-7.325424490427707,-7.325424490427707,-7.325424490427707,-7.325424490427707,-7.325424490427707,0.0,0.0,0.0,476.18815997476054
1994-04-01,488.56101923294545,359.7638298464849,625.2089988023548,488.56101923294545,488.56101923294545,-1.7536776847329572,-1.7536776847329572,-1.7536776847329572,-1.7536776847329572,-1.7536776847329572,-1.7536776847329572,0.0,0.0,0.0,486.8073415482125
1994-05-01,493.4456335243235,381.6310724063075,623.369812527701,493.4456335243235,493.4456335243235,7.2939357793996376,7.2939357793996376,7.2939357793996376,7.2939357793996376,7.2939357793996376,7.2939357793996376,0.0,0.0,0.0,500.73956930372316
1994-06-01,498.4930682920809,384.24666609612274,628.1909521263228,498.4930682920809,498.4930682920809,10.312087874912782,10.312087874912782,10.312087874912782,10.312087874912782,10.312087874912782,10.312087874912782,0.0,0.0,0.0,508.8051561669937
1994-07-01,503.377682583459,393.9350383802014,635.8143256004346,503.377682583459,503.377682583459,11.35070516194427,11.35070516194427,11.35070516194427,11.35070516194427,11.35070516194427,11.35070516194427,0.0,0.0,0.0,514.7283877454032
1994-08-01,508.4251173512162,374.0347167858726,630.4558017257264,508.4251173512162,508.4251173512162,-5.08815425709941,-5.08815425709941,-5.08815425709941,-5.08815425709941,-5.08815425709941,-5.08815425709941,0.0,0.0,0.0,503.3369630941168
1994-09-01,513.4725521189736,357.13298312387946,604.4262069116762,513.4725521189736,513.4725521189736,-29.10137692543099,-29.10137692543099,-29.10137692543099,-29.10137692543099,-29.10137692543099,-29.10137692543099,0.0,0.0,0.0,484.37117519354257
1994-10-01,518.3571664103516,354.11041510128416,609.094917742887,518.3571664103516,518.3571664103516,-34.50662083302382,-34.50662083302382,-34.50662083302382,-34.50662083302382,-34.50662083302382,-34.50662083302382,0.0,0.0,0.0,483.8505455773278
1994-11-01,526.8465319414291,393.53621466331276,634.429541626933,526.8465319414291,526.8465319414291,-13.495855396467498,-13.495855396467498,-13.495855396467498,-13.495855396467498,-13.495855396467498,-13.495855396467498,0.0,0.0,0.0,513.3506765449616
1994-12-01,535.0620469715043,413.7121108867951,660.5261809692842,535.0620469715043,535.0620469715043,-4.360794838442031,-4.360794838442031,-4.360794838442031,-4.360794838442031,-4.360794838442031,-4.360794838442031,0.0,0.0,0.0,530.7012521330622
1995-01-01,543.5514125025818,412.2648684960703,675.5795768646747,543.5514125025818,543.5514125025818,3.1077201681081146,3.1077201681081146,3.1077201681081146,3.1077201681081146,3.1077201681081146,3.1077201681081146,0.0,0.0,0.0,546.6591326706899
1995-02-01,552.0407780336593,430.9065729332304,681.9781644118946,552.0407780336593,552.0407780336593,2.632199211554603,2.632199211554603,2.632199211554603,2.632199211554603,2.632199211554603,2.632199211554603,0.0,0.0,0.0,554.6729772452139
1995-03-01,559.7085920617293,418.33206345753365,652.3116290851685,559.7085920617293,559.7085920617293,-19.743178977528533,-19.743178977528533,-19.743178977528533,-19.743178977528533,-19.743178977528533,-19.743178977528533,0.0,0.0,0.0,539.9654130842008
1995-04-01,568.1979575928068,428.7822157150654,677.6767027045702,568.1979575928068,568.1979575928068,-4.420977128069772,-4.420977128069772,-4.420977128069772,-4.420977128069772,-4.420977128069772,-4.420977128069772,0.0,0.0,0.0,563.776980464737
1995-05-01,579.6452325544003,461.0478867634804,722.2273687718774,579.6452325544003,579.6452325544003,11.32585003971159,11.32585003971159,11.32585003971159,11.32585003971159,11.32585003971159,11.32585003971159,0.0,0.0,0.0,590.9710825941119
1995-06-01,591.4740833480467,479.0223536991421,734.3962566719263,591.4740833480467,591.4740833480467,12.027075397358349,12.027075397358349,12.027075397358349,12.027075397358349,12.027075397358349,12.027075397358349,0.0,0.0,0.0,603.5011587454051
1995-07-01,602.9213583096405,496.38642566649054,755.7770560897411,602.9213583096405,602.9213583096405,17.95778265699576,17.95778265699576,17.95778265699576,17.95778265699576,17.95778265699576,17.95778265699576,0.0,0.0,0.0,620.8791409666362
1995-08-01,614.750209103287,469.53111918755747,724.5601404563043,614.750209103287,614.750209103287,-8.296239206593011,-8.296239206593011,-8.296239206593011,-8.296239206593011,-8.296239206593011,-8.296239206593011,0.0,0.0,0.0,606.453969896694
1995-09-01,626.5790598969336,477.32459839589353,719.1633787162754,626.5790598969336,626.5790598969336,-31.289018313423053,-31.289018313423053,-31.289018313423053,-31.289018313423053,-31.289018313423053,-31.289018313423053,0.0,0.0,0.0,595.2900415835105
1995-10-01,638.0263348585271,471.7929394524176,726.5872684797713,638.0263348585271,638.0263348585271,-38.59146681409386,-38.59146681409386,-38.59146681409386,-38.59146681409386,-38.59146681409386,-38.59146681409386,0.0,0.0,0.0,599.4348680444332
1995-11-01,649.8551856521739,515.6199525566461,762.3883907928736,649.8551856521739,649.8551856521739,-14.364436970626564,-14.364436970626564,-14.364436970626564,-14.364436970626564,-14.364436970626564,-14.364436970626564,0.0,0.0,0.0,635.4907486815473
1995-12-01,662.7266200089985,545.1167805047246,783.6301168514901,662.7266200089985,662.7266200089985,-2.6823871383114,-2.6823871383114,-2.6823871383114,-2.6823871383114,-2.6823871383114,-2.6823871383114,0.0,0.0,0.0,660.0442328706871
1996-01-01,676.0271021777176,540.7640434700766,802.4923564765862,676.0271021777176,676.0271021777176,9.072749767141163,9.072749767141163,9.072749767141163,9.072749767141163,9.072749767141163,9.072749767141163,0.0,0.0,0.0,685.0998519448588
1996-02-01,689.3275843464365,573.9953201645208,824.6455748409339,689.3275843464365,689.3275843464365,9.218722298853445,9.218722298853445,9.218722298853445,9.218722298853445,9.218722298853445,9.218722298853445,0.0,0.0,0.0,698.54630664529
1996-03-01,701.7699708913673,594.4796940420691,840.9832902081987,701.7699708913673,701.7699708913673,17.218226143791213,17.218226143791213,17.218226143791213,17.218226143791213,17.218226143791213,17.218226143791213,0.0,0.0,0.0,718.9881970351585
1996-04-01,715.0704530600862,596.1197003196111,853.2480200737142,715.0704530600862,715.0704530600862,4.246555082082545,4.246555082082545,4.246555082082545,4.246555082082545,4.246555082082545,4.246555082082545,0.0,0.0,0.0,719.3170081421687
1996-05-01,727.9418874169111,607.8251689288762,852.9941491973942,727.9418874169111,727.9418874169111,-0.33133370672397844,-0.33133370672397844,-0.33133370672397844,-0.33133370672397844,-0.33133370672397844,-0.33133370672397844,0.0,0.0,0.0,727.6105537101871
1996-06-01,741.24236958563,617.6049911116556,873.2899048626587,741.24236958563,741.24236958563,7.056575626907525,7.056575626907525,7.056575626907525,7.056575626907525,7.056575626907525,7.056575626907525,0.0,0.0,0.0,748.2989452125374
1996-07-01,754.1351253572184,620.5205166445124,873.8812024985732,754.1351253572184,754.1351253572184,-2.206951639738927,-2.206951639738927,-2.206951639738927,-2.206951639738927,-2.206951639738927,-2.206951639738927,0.0,0.0,0.0,751.9281737174795
1996-08-01,767.4576396545265,645.068431738495,888.5774677715714,767.4576396545265,767.4576396545265,0.7889468085897519,0.7889468085897519,0.7889468085897519,0.7889468085897519,0.7889468085897519,0.7889468085897519,0.0,0.0,0.0,768.2465864631163
1996-09-01,780.7801539518347,628.9859011961757,881.3784067673743,780.7801539518347,780.7801539518347,-24.902782408945857,-24.902782408945857,-24.902782408945857,-24.902782408945857,-24.902782408945857,-24.902782408945857,0.0,0.0,0.0,755.8773715428888
1996-10-01,793.6729097234231,641.9443083948194,886.7886162155157,793.6729097234231,793.6729097234231,-26.169633754666272,-26.169633754666272,-26.169633754666272,-26.169633754666272,-26.169633754666272,-26.169633754666272,0.0,0.0,0.0,767.5032759687568
1996-11-01,806.9954240207313,667.6113122831002,913.6907313371833,806.9954240207313,806.9954240207313,-11.351033013165411,-11.351033013165411,-11.351033013165411,-11.351033013165411,-11.351033013165411,-11.351033013165411,0.0,0.0,0.0,795.6443910075659
1996-12-01,819.8881797923198,692.0766862659593,941.8219945520308,819.8881797923198,819.8881797923198,-7.309143911874779,-7.309143911874779,-7.309143911874779,-7.309143911874779,-7.309143911874779,-7.309143911874779,0.0,0.0,0.0,812.579035880445
1997-01-01,833.210694089628,699.8461135946989,945.4912540338814,833.210694089628,833.210694089628,-8.751491373397235,-8.751491373397235,-8.751491373397235,-8.751491373397235,-8.751491373397235,-8.751491373397235,0.0,0.0,0.0,824.4592027162307
1997-02-01,846.5332344656871,711.2134031419115,948.5918171991144,846.5332344656871,846.5332344656871,-11.306387558914237,-11.306387558914237,-11.306387558914237,-11.306387558914237,-11.306387558914237,-11.306387558914237,0.0,0.0,0.0,835.2268469067728
1997-03-01,858.5664967408372,739.3166180275392,990.3437671088243,858.5664967408372,858.5664967408372,4.9999832498264105,4.9999832498264105,4.9999832498264105,4.9999832498264105,4.9999832498264105,4.9999832498264105,0.0,0.0,0.0,863.5664799906637
1997-04-01,871.8890371168962,748.7089955275045,998.7219716148857,871.8890371168962,871.8890371168962,1.1376236476253248,1.1376236476253248,1.1376236476253248,1.1376236476253248,1.1376236476253248,1.1376236476253248,0.0,0.0,0.0,873.0266607645216
1997-05-01,884.7818181259854,764.3217100801702,1009.804246131176,884.7818181259854,884.7818181259854,3.4067003627524026,3.4067003627524026,3.4067003627524026,3.4067003627524026,3.4067003627524026,3.4067003627524026,0.0,0.0,0.0,888.1885184887378
1997-06-01,898.1043585020445,783.4084839026511,1024.6496458438728,898.1043585020445,898.1043585020445,8.653488592321889,8.653488592321889,8.653488592321889,8.653488592321889,8.653488592321889,8.653488592321889,0.0,0.0,0.0,906.7578470943664
1997-07-01,910.9971395111339,791.9197355979999,1038.1547207920082,910.9971395111339,910.9971395111339,4.626521629362839,4.626521629362839,4.626521629362839,4.626521629362839,4.626521629362839,4.626521629362839,0.0,0.0,0.0,915.6236611404968
1997-08-01,924.3196798146514,809.0825859131005,1053.07025823363,924.3196798146514,924.3196798146514,-2.0589184392920448,-2.0589184392920448,-2.0589184392920448,-2.0589184392920448,-2.0589184392920448,-2.0589184392920448,0.0,0.0,0.0,922.2607613753594
1997-09-01,937.6422201181693,780.5206117137824,1040.1585632218923,937.6422201181693,937.6422201181693,-26.970986316962108,-26.970986316962108,-26.970986316962108,-26.970986316962108,-26.970986316962108,-26.970986316962108,0.0,0.0,0.0,910.6712338012072
1997-10-01,950.5350010570573,800.3509562252835,1049.0786256396818,950.5350010570573,950.5350010570573,-30.363960112557965,-30.363960112557965,-30.363960112557965,-30.363960112557965,-30.363960112557965,-30.363960112557965,0.0,0.0,0.0,920.1710409444994
1997-11-01,963.8575413605748,825.8280529631294,1063.47301354867,963.8575413605748,963.8575413605748,-12.490739304109535,-12.490739304109535,-12.490739304109535,-12.490739304109535,-12.490739304109535,-12.490739304109535,0.0,0.0,0.0,951.3668020564653
1997-12-01,976.7503222994628,851.8054809853726,1094.7487951581322,976.7503222994628,976.7503222994628,-5.9043779354877755,-5.9043779354877755,-5.9043779354877755,-5.9043779354877755,-5.9043779354877755,-5.9043779354877755,0.0,0.0,0.0,970.845944363975
1998-01-01,990.0728626029803,855.2787700047285,1109.0651579297012,990.0728626029803,990.0728626029803,-2.8369177817714544,-2.8369177817714544,-2.8369177817714544,-2.8369177817714544,-2.8369177817714544,-2.8369177817714544,0.0,0.0,0.0,987.2359448212088
1998-02-01,1003.395402906498,879.0192799694587,1123.996532389933,1003.395402906498,1003.395402906498,-4.212025149522091,-4.212025149522091,-4.212025149522091,-4.212025149522091,-4.212025149522091,-4.212025149522091,0.0,0.0,0.0,999.1833777569759
1998-03-01,1015.4286648672189,885.7719505919918,1126.5047141175105,1015.4286648672189,1015.4286648672189,-7.325424490434237,-7.325424490434237,-7.325424490434237,-7.325424490434237,-7.325424490434237,-7.325424490434237,0.0,0.0,0.0,1008.1032403767847
1998-04-01,1028.7512048951598,900.3414918975093,1150.3526831836957,1028.7512048951598,1028.7512048951598,-1.7536776847352031,-1.7536776847352031,-1.7536776847352031,-1.7536776847352031,-1.7536776847352031,-1.7536776847352031,0.0,0.0,0.0,1026.9975272104246
1998-05-01,1041.6439855673605,933.6860371319103,1168.3692409456805,1041.6439855673605,1041.6439855673605,7.293935779392313,7.293935779392313,7.293935779392313,7.293935779392313,7.293935779392313,7.293935779392313,0.0,0.0,0.0,1048.9379213467528
1998-06-01,1054.9665255953014,953.1325072109713,1189.2071267135511,1054.9665255953014,1054.9665255953014,10.312087874930715,10.312087874930715,10.312087874930715,10.312087874930715,10.312087874930715,10.312087874930715,0.0,0.0,0.0,1065.2786134702321
1998-07-01,1067.8593062675022,953.4066253861064,1206.8690574076606,1067.8593062675022,1067.8593062675022,11.350705161915336,11.350705161915336,11.350705161915336,11.350705161915336,11.350705161915336,11.350705161915336,0.0,0.0,0.0,1079.2100114294176
1998-08-01,1081.181846295443,957.434224306578,1197.7058049921213,1081.181846295443,1081.181846295443,-5.088154257120878,-5.088154257120878,-5.088154257120878,-5.088154257120878,-5.088154257120878,-5.088154257120878,0.0,0.0,0.0,1076.0936920383222
1998-09-01,1094.5043863233839,945.5577202317785,1189.71093721693,1094.5043863233839,1094.5043863233839,-29.101376925434067,-29.101376925434067,-29.101376925434067,-29.101376925434067,-29.101376925434067,-29.101376925434067,0.0,0.0,0.0,1065.4030093979497
1998-10-01,1107.3971668442666,947.7523541176365,1200.1813799616793,1107.3971668442666,1107.3971668442666,-34.50662083301648,-34.50662083301648,-34.50662083301648,-34.50662083301648,-34.50662083301648,-34.50662083301648,0.0,0.0,0.0,1072.89054601125
1998-11-01,1120.7197067158454,983.6300698725025,1227.9025305279058,1120.7197067158454,1120.7197067158454,-13.495855396470192,-13.495855396470192,-13.495855396470192,-13.495855396470192,-13.495855396470192,-13.495855396470192,0.0,0.0,0.0,1107.2238513193752
1998-12-01,1133.612487236728,1003.929913033216,1257.6918073469917,1133.612487236728,1133.612487236728,-4.360794838423473,-4.360794838423473,-4.360794838423473,-4.360794838423473,-4.360794838423473,-4.360794838423473,0.0,0.0,0.0,1129.2516923983044
1999-01-01,1146.9350271083065,1032.6146212538583,1269.0008463670201,1146.9350271083065,1146.9350271083065,3.1077201681022655,3.1077201681022655,3.1077201681022655,3.1077201681022655,3.1077201681022655,3.1077201681022655,0.0,0.0,0.0,1150.0427472764088
1999-02-01,1160.257566979885,1046.4210492896784,1282.8548487116436,1160.257566979885,1160.257566979885,2.63219921154385,2.63219921154385,2.63219921154385,2.63219921154385,2.63219921154385,2.63219921154385,0.0,0.0,0.0,1162.8897661914289
1999-03-01,1172.2908287993755,1037.3598106574036,1272.9514244106504,1172.2908287993755,1172.2908287993755,-19.743178977476063,-19.743178977476063,-19.743178977476063,-19.743178977476063,-19.743178977476063,-19.743178977476063,0.0,0.0,0.0,1152.5476498218995
1999-04-01,1181.8036967789142,1043.9424186897074,1309.3246215161319,1181.8036967789142,1181.8036967789142,-4.420977128053769,-4.420977128053769,-4.420977128053769,-4.420977128053769,-4.420977128053769,-4.420977128053769,0.0,0.0,0.0,1177.3827196508605
1999-05-01,1191.009698049435,1078.6439519000587,1321.8698353875563,1191.009698049435,1191.009698049435,11.325850039688474,11.325850039688474,11.325850039688474,11.325850039688474,11.325850039688474,11.325850039688474,0.0,0.0,0.0,1202.3355480891234
1999-06-01,1200.5225660289734,1093.0491363212843,1333.4263181301503,1200.5225660289734,1200.5225660289734,12.027075397369096,12.027075397369096,12.027075397369096,12.027075397369096,12.027075397369096,12.027075397369096,0.0,0.0,0.0,1212.5496414263425
1999-07-01,1209.7285672994947,1105.5011711861875,1351.2594448063805,1209.7285672994947,1209.7285672994947,17.957782656938374,17.957782656938374,17.957782656938374,17.957782656938374,17.957782656938374,17.957782656938374,0.0,0.0,0.0,1227.686349956433
1999-08-01,1219.241435279033,1095.6055786282127,1334.4858618766857,1219.241435279033,1219.241435279033,-8.296239206600234,-8.296239206600234,-8.296239206600234,-8.296239206600234,-8.296239206600234,-8.296239206600234,0.0,0.0,0.0,1210.945196072433
1999-09-01,1228.7543032585716,1069.6165025708738,1326.7552538595526,1228.7543032585716,1228.7543032585716,-31.289018313420495,-31.289018313420495,-31.289018313420495,-31.289018313420495,-31.289018313420495,-31.289018313420495,0.0,0.0,0.0,1197.465284945151
1999-10-01,1237.9603045290924,1069.1289874026907,1321.5675552708665,1237.9603045290924,1237.9603045290924,-38.59146681409822,-38.59146681409822,-38.59146681409822,-38.59146681409822,-38.59146681409822,-38.59146681409822,0.0,0.0,0.0,1199.3688377149942
1999-11-01,1240.3711544820358,1092.838311211425,1348.886097581968,1240.3711544820358,1240.3711544820358,-14.364436970622934,-14.364436970622934,-14.364436970622934,-14.364436970622934,-14.364436970622934,-14.364436970622934,0.0,0.0,0.0,1226.0067175114127
1999-12-01,1242.7042350816585,1109.0025050008635,1369.4214922370516,1242.7042350816585,1242.7042350816585,-2.682387138319908,-2.682387138319908,-2.682387138319908,-2.682387138319908,-2.682387138319908,-2.682387138319908,0.0,0.0,0.0,1240.0218479433386
2000-01-01,1245.1150850346016,1134.1059317058373,1378.645314910435,1245.1150850346016,1245.1150850346016,9.072749767183042,9.072749767183042,9.072749767183042,9.072749767183042,9.072749767183042,9.072749767183042,0.0,0.0,0.0,1254.1878348017847
2000-02-01,1247.525934987545,1126.0474945888986,1373.8003435183443,1247.525934987545,1247.525934987545,9.218722298840449,9.218722298840449,9.218722298840449,9.218722298840449,9.218722298840449,9.218722298840449,0.0,0.0,0.0,1256.7446572863855
2000-03-01,1249.7812462338468,1153.3759824710603,1404.381855367157,1249.7812462338468,1249.7812462338468,17.218226143716922,17.218226143716922,17.218226143716922,17.218226143716922,17.218226143716922,17.218226143716922,0.0,0.0,0.0,1266.9994723775637
2000-04-01,1252.19209618679,1125.4796522006102,1375.4731996250969,1252.19209618679,1252.19209618679,4.2465550820629145,4.2465550820629145,4.2465550820629145,4.2465550820629145,4.2465550820629145,4.2465550820629145,0.0,0.0,0.0,1256.438651268853
2000-05-01,1254.5251767864122,1122.3196653826617,1387.6188563855148,1254.5251767864122,1254.5251767864122,-0.3313337067179839,-0.3313337067179839,-0.3313337067179839,-0.3313337067179839,-0.3313337067179839,-0.3313337067179839,0.0,0.0,0.0,1254.1938430796943
2000-06-01,1251.1069444326347,1140.4409213249548,1382.059224222291,1251.1069444326347,1251.1069444326347,7.056575626930415,7.056575626930415,7.056575626930415,7.056575626930415,7.056575626930415,7.056575626930415,0.0,0.0,0.0,1258.1635200595651
2000-07-01,1247.7989776386567,1117.0953885584252,1375.6074843967533,1247.7989776386567,1247.7989776386567,-2.2069516397106774,-2.2069516397106774,-2.2069516397106774,-2.2069516397106774,-2.2069516397106774,-2.2069516397106774,0.0,0.0,0.0,1245.592025998946
2000-08-01,1244.3807452848791,1128.9303991990655,1372.9922257953644,1244.3807452848791,1244.3807452848791,0.7889468085777591,0.7889468085777591,0.7889468085777591,0.7889468085777591,0.7889468085777591,0.7889468085777591,0.0,0.0,0.0,1245.169692093457
2000-09-01,1240.9625129311019,1092.7454901511533,1354.0342143061366,1240.9625129311019,1240.9625129311019,-24.902782408919872,-24.902782408919872,-24.902782408919872,-24.902782408919872,-24.902782408919872,-24.902782408919872,0.0,0.0,0.0,1216.059730522182
2000-10-01,1237.6545461371234,1089.989474495017,1338.38032894163,1237.6545461371234,1237.6545461371234,-26.16963375470895,-26.16963375470895,-26.16963375470895,-26.16963375470895,-26.16963375470895,-26.16963375470895,0.0,0.0,0.0,1211.4849123824144
2000-11-01,1234.236313783346,1095.4127264239883,1349.6291239615412,1234.236313783346,1234.236313783346,-11.351033013170646,-11.351033013170646,-11.351033013170646,-11.351033013170646,-11.351033013170646,-11.351033013170646,0.0,0.0,0.0,1222.8852807701755
2000-12-01,1230.9283469893676,1099.5561879237284,1339.9489585710874,1230.9283469893676,1230.9283469893676,-7.309143911870982,-7.309143911870982,-7.309143911870982,-7.309143911870982,-7.309143911870982,-7.309143911870982,0.0,0.0,0.0,1223.6192030774966
2001-01-01,1227.5101146074674,1101.2921583872821,1336.599912674121,1227.5101146074674,1227.5101146074674,-8.751491373376275,-8.751491373376275,-8.751491373376275,-8.751491373376275,-8.751491373376275,-8.751491373376275,0.0,0.0,0.0,1218.7586232340911
2001-02-01,1224.091882225567,1085.180132298225,1335.1808219656432,1224.091882225567,1224.091882225567,-11.306387558918091,-11.306387558918091,-11.306387558918091,-11.306387558918091,-11.306387558918091,-11.306387558918091,0.0,0.0,0.0,1212.785494666649
2001-03-01,1221.0044465257859,1098.3846382612,1348.346971529066,1221.0044465257859,1221.0044465257859,4.999983249854233,4.999983249854233,4.999983249854233,4.999983249854233,4.999983249854233,4.999983249854233,0.0,0.0,0.0,1226.0044297756401
2001-04-01,1217.5862141438854,1103.6728215792841,1339.6622299480787,1217.5862141438854,1217.5862141438854,1.1376236476235635,1.1376236476235635,1.1376236476235635,1.1376236476235635,1.1376236476235635,1.1376236476235635,0.0,0.0,0.0,1218.723837791509
2001-05-01,1214.2782473226914,1092.1820755272317,1336.9482963179005,1214.2782473226914,1214.2782473226914,3.4067003627393753,3.4067003627393753,3.4067003627393753,3.4067003627393753,3.4067003627393753,3.4067003627393753,0.0,0.0,0.0,1217.6849476854309
2001-06-01,1210.8600149407914,1091.3944240982478,1331.551846723309,1210.8600149407914,1210.8600149407914,8.65348859233973,8.65348859233973,8.65348859233973,8.65348859233973,8.65348859233973,8.65348859233973,0.0,0.0,0.0,1219.5135035331311
2001-07-01,1207.5520481387764,1083.417063305459,1338.6765422832261,1207.5520481387764,1207.5520481387764,4.6265216293351585,4.6265216293351585,4.6265216293351585,4.6265216293351585,4.6265216293351585,4.6265216293351585,0.0,0.0,0.0,1212.1785697681116
2001-08-01,1204.133815776694,1072.4731094471056,1314.5689489574202,1204.133815776694,1204.133815776694,-2.0589184393027957,-2.0589184393027957,-2.0589184393027957,-2.0589184393027957,-2.0589184393027957,-2.0589184393027957,0.0,0.0,0.0,1202.0748973373913
2001-09-01,1200.7155834146117,1047.6703230377739,1299.634970841562,1200.7155834146117,1200.7155834146117,-26.97098631698979,-26.97098631698979,-26.97098631698979,-26.97098631698979,-26.97098631698979,-26.97098631698979,0.0,0.0,0.0,1173.7445970976219
2001-10-01,1197.4076166125967,1033.0613125250384,1296.8580751098987,1197.4076166125967,1197.4076166125967,-30.36396011257027,-30.36396011257027,-30.36396011257027,-30.36396011257027,-30.36396011257027,-30.36396011257027,0.0,0.0,0.0,1167.0436565000264
2001-11-01,1193.9893842505146,1062.7506694786464,1305.0285156952793,1193.9893842505146,1193.9893842505146,-12.490739304106638,-12.490739304106638,-12.490739304106638,-12.490739304106638,-12.490739304106638,-12.490739304106638,0.0,0.0,0.0,1181.498644946408
2001-12-01,1190.6814174484996,1061.1701907523925,1302.1393142960078,1190.6814174484996,1190.6814174484996,-5.904377935454953,-5.904377935454953,-5.904377935454953,-5.904377935454953,-5.904377935454953,-5.904377935454953,0.0,0.0,0.0,1184.7770395130447
2002-01-01,1187.2631850864175,1061.7721867861903,1315.0315198113587,1187.2631850864175,1187.2631850864175,-2.8369177817317603,-2.8369177817317603,-2.8369177817317603,-2.8369177817317603,-2.8369177817317603,-2.8369177817317603,0.0,0.0,0.0,1184.4262673046858
2002-02-01,1183.8449527897476,1051.8797770967165,1307.1048828263615,1183.8449527897476,1183.8449527897476,-4.212025149525835,-4.212025149525835,-4.212025149525835,-4.212025149525835,-4.212025149525835,-4.212025149525835,0.0,0.0,0.0,1179.6329276402219
2002-03-01,1180.757517166949,1053.1271992145496,1297.996969136717,1180.757517166949,1180.757517166949,-7.325424490378457,-7.325424490378457,-7.325424490378457,-7.325424490378457,-7.325424490378457,-7.325424490378457,0.0,0.0,0.0,1173.4320926765704
2002-04-01,1177.3392848702792,1049.8226531210028,1303.8298391864757,1177.3392848702792,1177.3392848702792,-1.753677684725106,-1.753677684725106,-1.753677684725106,-1.753677684725106,-1.753677684725106,-1.753677684725106,0.0,0.0,0.0,1175.5856071855542
2002-05-01,1174.0313181315664,1054.3857772552265,1304.6835446505202,1174.0313181315664,1174.0313181315664,7.293935779398623,7.293935779398623,7.293935779398623,7.293935779398623,7.293935779398623,7.293935779398623,0.0,0.0,0.0,1181.325253910965
2002-06-01,1170.6130858348968,1057.8801019180598,1306.6402665536684,1170.6130858348968,1170.6130858348968,10.312087874914154,10.312087874914154,10.312087874914154,10.312087874914154,10.312087874914154,10.312087874914154,0.0,0.0,0.0,1180.925173709811
2002-07-01,1167.305119096184,1052.1640846814485,1305.72092437222,1167.305119096184,1167.305119096184,11.350705161902194,11.350705161902194,11.350705161902194,11.350705161902194,11.350705161902194,11.350705161902194,0.0,0.0,0.0,1178.655824258086
2002-08-01,1163.886886799514,1031.7901732056366,1283.3079900897044,1163.886886799514,1163.886886799514,-5.088154257098563,-5.088154257098563,-5.088154257098563,-5.088154257098563,-5.088154257098563,-5.088154257098563,0.0,0.0,0.0,1158.7987325424156
2002-09-01,1160.4686545028442,1010.4682686380345,1249.3266022575483,1160.4686545028442,1160.4686545028442,-29.10137692542122,-29.10137692542122,-29.10137692542122,-29.10137692542122,-29.10137692542122,-29.10137692542122,0.0,0.0,0.0,1131.367277577423
2002-10-01,1157.1606877641314,999.1373074072035,1243.102358831402,1157.1606877641314,1157.1606877641314,-34.506620833016115,-34.506620833016115,-34.506620833016115,-34.506620833016115,-34.506620833016115,-34.506620833016115,0.0,0.0,0.0,1122.6540669311153
2002-11-01,1153.7424554674617,1013.1456975008988,1259.0063495435322,1153.7424554674617,1153.7424554674617,-13.495855396476093,-13.495855396476093,-13.495855396476093,-13.495855396476093,-13.495855396476093,-13.495855396476093,0.0,0.0,0.0,1140.2466000709856
2002-12-01,1150.4344887287489,1019.2540050210714,1273.688190414072,1150.4344887287489,1150.4344887287489,-4.36079483846953,-4.36079483846953,-4.36079483846953,-4.36079483846953,-4.36079483846953,-4.36079483846953,0.0,0.0,0.0,1146.0736938902794
2003-01-01,1147.016256432079,1027.8554637291913,1268.439477824064,1147.016256432079,1147.016256432079,3.1077201681153914,3.1077201681153914,3.1077201681153914,3.1077201681153914,3.1077201681153914,3.1077201681153914,0.0,0.0,0.0,1150.1239766001943
2003-02-01,1143.5980241354093,1030.6609403400798,1274.9927844665117,1143.5980241354093,1143.5980241354093,2.6321992115942527,2.6321992115942527,2.6321992115942527,2.6321992115942527,2.6321992115942527,2.6321992115942527,0.0,0.0,0.0,1146.2302233470036
2003-03-01,1140.5105885126106,1003.237645709459,1247.164040661716,1140.5105885126106,1140.5105885126106,-19.743178977473345,-19.743178977473345,-19.743178977473345,-19.743178977473345,-19.743178977473345,-19.743178977473345,0.0,0.0,0.0,1120.7674095351374
2003-04-01,1137.0923562159408,1012.8953171541408,1251.3143849173393,1137.0923562159408,1137.0923562159408,-4.420977128047462,-4.420977128047462,-4.420977128047462,-4.420977128047462,-4.420977128047462,-4.420977128047462,0.0,0.0,0.0,1132.6713790878932
2003-05-01,1133.7843894772282,1020.1004215919194,1263.7362443459263,1133.7843894772282,1133.7843894772282,11.325850039711424,11.325850039711424,11.325850039711424,11.325850039711424,11.325850039711424,11.325850039711424,0.0,0.0,0.0,1145.1102395169396
2003-06-01,1130.3661571805585,1014.8856344996044,1265.0421003076017,1130.3661571805585,1130.3661571805585,12.027075397333686,12.027075397333686,12.027075397333686,12.027075397333686,12.027075397333686,12.027075397333686,0.0,0.0,0.0,1142.3932325778921
2003-07-01,1127.0581904418457,1028.7563703413923,1267.027787793746,1127.0581904418457,1127.0581904418457,17.95778265698723,17.95778265698723,17.95778265698723,17.95778265698723,17.95778265698723,17.95778265698723,0.0,0.0,0.0,1145.015973098833
2003-08-01,1123.6399581451758,991.5754333420533,1236.0541157668067,1123.6399581451758,1123.6399581451758,-8.29623920659538,-8.29623920659538,-8.29623920659538,-8.29623920659538,-8.29623920659538,-8.29623920659538,0.0,0.0,0.0,1115.3437189385804
2003-09-01,1120.221725848506,953.372329945181,1213.5342705193423,1120.221725848506,1120.221725848506,-31.289018313391136,-31.289018313391136,-31.289018313391136,-31.289018313391136,-31.289018313391136,-31.289018313391136,0.0,0.0,0.0,1088.9327075351148
2003-10-01,1116.9137591097933,955.2313272495024,1206.5458740216602,1116.9137591097933,1116.9137591097933,-38.59146681410329,-38.59146681410329,-38.59146681410329,-38.59146681410329,-38.59146681410329,-38.59146681410329,0.0,0.0,0.0,1078.32229229569
2003-11-01,1113.4955268131234,968.6191622063654,1224.7246947151853,1113.4955268131234,1113.4955268131234,-14.364436970624785,-14.364436970624785,-14.364436970624785,-14.364436970624785,-14.364436970624785,-14.364436970624785,0.0,0.0,0.0,1099.1310898424986
2003-12-01,1110.1875600744106,976.2586054571942,1232.4263600551012,1110.1875600744106,1110.1875600744106,-2.682387138349143,-2.682387138349143,-2.682387138349143,-2.682387138349143,-2.682387138349143,-2.682387138349143,0.0,0.0,0.0,1107.5051729360614
2004-01-01,1106.769327777741,995.1943176171153,1239.419112195565,1106.769327777741,1106.769327777741,9.072749767117742,9.072749767117742,9.072749767117742,9.072749767117742,9.072749767117742,9.072749767117742,0.0,0.0,0.0,1115.8420775448587
2004-02-01,1103.351095481071,983.4777157569957,1237.247484203263,1103.351095481071,1103.351095481071,9.218722298864217,9.218722298864217,9.218722298864217,9.218722298864217,9.218722298864217,9.218722298864217,0.0,0.0,0.0,1112.5698177799352
2004-03-01,1100.1533943003155,996.0548711164604,1251.9352854985996,1100.1533943003155,1100.1533943003155,17.218226143771204,17.218226143771204,17.218226143771204,17.218226143771204,17.218226143771204,17.218226143771204,0.0,0.0,0.0,1117.3716204440868
2004-04-01,1096.7351620036457,970.1839334341705,1225.874893293826,1096.7351620036457,1096.7351620036457,4.246555082107087,4.246555082107087,4.246555082107087,4.246555082107087,4.246555082107087,4.246555082107087,0.0,0.0,0.0,1100.9817170857527
2004-05-01,1093.427195264933,966.9308500240426,1213.4778205430887,1093.427195264933,1093.427195264933,-0.33133370672929324,-0.33133370672929324,-0.33133370672929324,-0.33133370672929324,-0.33133370672929324,-0.33133370672929324,0.0,0.0,0.0,1093.0958615582038
2004-06-01,1090.0089629682632,969.4292527966622,1209.5976730970162,1090.0089629682632,1090.0089629682632,7.056575626920765,7.056575626920765,7.056575626920765,7.056575626920765,7.056575626920765,7.056575626920765,0.0,0.0,0.0,1097.0655385951839
2004-07-01,1086.7009962295504,954.6677784509164,1212.7759896436673,1086.7009962295504,1086.7009962295504,-2.2069516397706503,-2.2069516397706503,-2.2069516397706503,-2.2069516397706503,-2.2069516397706503,-2.2069516397706503,0.0,0.0,0.0,1084.4940445897796
2004-08-01,1083.2827639328805,964.5478887938292,1202.3658259140425,1083.2827639328805,1083.2827639328805,0.7889468086023111,0.7889468086023111,0.7889468086023111,0.7889468086023111,0.7889468086023111,0.7889468086023111,0.0,0.0,0.0,1084.0717107414828
2004-09-01,1079.8645316362108,935.1715302081437,1169.2853498562813,1079.8645316362108,1079.8645316362108,-24.90278240895118,-24.90278240895118,-24.90278240895118,-24.90278240895118,-24.90278240895118,-24.90278240895118,0.0,0.0,0.0,1054.9617492272596
2004-10-01,1076.5565648974978,934.0005668852409,1171.9690443487132,1076.5565648974978,1076.5565648974978,-26.169633754658378,-26.169633754658378,-26.169633754658378,-26.169633754658378,-26.169633754658378,-26.169633754658378,0.0,0.0,0.0,1050.3869311428393
2004-11-01,1073.1383326008283,940.3968329909102,1190.9331143105856,1073.1383326008283,1073.1383326008283,-11.351033013174005,-11.351033013174005,-11.351033013174005,-11.351033013174005,-11.351033013174005,-11.351033013174005,0.0,0.0,0.0,1061.7872995876544
2004-12-01,1069.8303658621153,956.3138894659515,1190.9296150425394,1069.8303658621153,1069.8303658621153,-7.3091439118573325,-7.3091439118573325,-7.3091439118573325,-7.3091439118573325,-7.3091439118573325,-7.3091439118573325,0.0,0.0,0.0,1062.521221950258
2005-01-01,1066.4121335654456,938.5856351979396,1178.138678158521,1066.4121335654456,1066.4121335654456,-8.75149137337743,-8.75149137337743,-8.75149137337743,-8.75149137337743,-8.75149137337743,-8.75149137337743,0.0,0.0,0.0,1057.6606421920683
2005-02-01,1062.9939012687757,933.2190764839361,1182.7730283998453,1062.9939012687757,1062.9939012687757,-11.30638755888876,-11.30638755888876,-11.30638755888876,-11.30638755888876,-11.30638755888876,-11.30638755888876,0.0,0.0,0.0,1051.687513709887
2005-03-01,1059.906465645977,939.8960158156694,1194.1168143903226,1059.906465645977,1059.906465645977,4.9999832497797065,4.9999832497797065,4.9999832497797065,4.9999832497797065,4.9999832497797065,4.9999832497797065,0.0,0.0,0.0,1064.9064488957567
2005-04-01,1056.4882333493074,931.0362760592616,1180.6836005163152,1056.4882333493074,1056.4882333493074,1.1376236476559072,1.1376236476559072,1.1376236476559072,1.1376236476559072,1.1376236476559072,1.1376236476559072,0.0,0.0,0.0,1057.6258569969632
2005-05-01,1053.1802666105946,944.3870024177444,1186.9263882329765,1053.1802666105946,1053.1802666105946,3.4067003627583214,3.4067003627583214,3.4067003627583214,3.4067003627583214,3.4067003627583214,3.4067003627583214,0.0,0.0,0.0,1056.586966973353
2005-06-01,1049.762034313925,931.4475499289723,1186.0210580767769,1049.762034313925,1049.762034313925,8.653488592322631,8.653488592322631,8.653488592322631,8.653488592322631,8.653488592322631,8.653488592322631,0.0,0.0,0.0,1058.4155229062476
2005-07-01,1046.454067575212,926.6153003854652,1177.8834153532473,1046.454067575212,1046.454067575212,4.626521629377376,4.626521629377376,4.626521629377376,4.626521629377376,4.626521629377376,4.626521629377376,0.0,0.0,0.0,1051.0805892045894
2005-08-01,1043.0358352785422,919.8258232034042,1169.4672389951988,1043.0358352785422,1043.0358352785422,-2.0589184392935196,-2.0589184392935196,-2.0589184392935196,-2.0589184392935196,-2.0589184392935196,-2.0589184392935196,0.0,0.0,0.0,1040.9769168392486
2005-08-31,1039.7278685398296,880.2277882136801,1128.5983548341987,1039.7278685398296,1039.7278685398296,-35.81566014057871,-35.81566014057871,-35.81566014057871,-35.81566014057871,-35.81566014057871,-35.81566014057871,0.0,0.0,0.0,1003.9122083992509
2005-09-30,1036.4199018011168,869.7475554372486,1119.1219813079306,1036.3681413028264,1036.6786837986674,-46.56371299358639,-46.56371299358639,-46.56371299358639,-46.56371299358639,-46.56371299358639,-46.56371299358639,0.0,0.0,0.0,989.8561888075304
2005-10-31,1033.001669504447,887.4166035812692,1146.2666423645421,1032.5040248995842,1033.763410362087,-15.6856061603454,-15.6856061603454,-15.6856061603454,-15.6856061603454,-15.6856061603454,-15.6856061603454,0.0,0.0,0.0,1017.3160633441015
2005-11-30,1029.6937027657343,906.2228703701678,1150.4956738219325,1028.5133465861238,1031.2121822598317,1.0616629604922037,1.0616629604922037,1.0616629604922037,1.0616629604922037,1.0616629604922037,1.0616629604922037,0.0,0.0,0.0,1030.7553657262265
2005-12-31,1026.2754704690644,921.9007690259679,1177.0626338420977,1024.4190352466642,1028.6031070007207,21.025290390550904,21.025290390550904,21.025290390550904,21.025290390550904,21.025290390550904,21.025290390550904,0.0,0.0,0.0,1047.3007608596154
2006-01-31,1022.8572381723947,923.1174120826831,1169.2684593591582,1019.8870219361056,1026.3363337459912,21.590835715742315,21.590835715742315,21.590835715742315,21.590835715742315,21.590835715742315,21.590835715742315,0.0,0.0,0.0,1044.448073888137
2006-02-28,1019.7698025495961,844.9800595364269,1083.3453761668438,1015.8875988886024,1024.5608591004964,-57.39980859440172,-57.39980859440172,-57.39980859440172,-57.39980859440172,-57.39980859440172,-57.39980859440172,0.0,0.0,0.0,962.3699939551943
2006-03-31,1016.3515702529262,879.634299344525,1130.5673372949898,1011.3970021226172,1022.4122843992874,-11.020964552157666,-11.020964552157666,-11.020964552157666,-11.020964552157666,-11.020964552157666,-11.020964552157666,0.0,0.0,0.0,1005.3306057007685
2006-04-30,1013.0436035142135,916.956696110141,1164.374319788293,1006.966846056357,1020.3603424595019,24.239889181536032,24.239889181536032,24.239889181536032,24.239889181536032,24.239889181536032,24.239889181536032,0.0,0.0,0.0,1037.2834926957496
2006-05-31,1009.6253712175436,890.2594815618334,1149.2629066983968,1002.3479619888933,1018.4567963780405,17.45576392523442,17.45576392523442,17.45576392523442,17.45576392523442,17.45576392523442,17.45576392523442,0.0,0.0,0.0,1027.081135142778
2006-06-30,1006.3174044788309,930.7473185422774,1168.6176481097248,997.818184915089,1016.5104785231721,37.00164429352773,37.00164429352773,37.00164429352773,37.00164429352773,37.00164429352773,37.00164429352773,0.0,0.0,0.0,1043.3190487723587
2006-07-31,1002.8991721821611,865.3244565624365,1115.3606968016647,993.091820691025,1014.6225140353712,-18.963362632163218,-18.963362632163218,-18.963362632163218,-18.963362632163218,-18.963362632163218,-18.963362632163218,0.0,0.0,0.0,983.9358095499979
2006-08-31,999.4809398854911,837.2178180805118,1078.8784222557322,988.0650292049208,1013.3148961840197,-38.14417132857563,-38.14417132857563,-38.14417132857563,-38.14417132857563,-38.14417132857563,-38.14417132857563,0.0,0.0,0.0,961.3367685569154
2006-09-30,996.1729731467786,821.0806158695752,1078.3152601946194,982.7509944959066,1011.9663125248699,-50.439442950848616,-50.439442950848616,-50.439442950848616,-50.439442950848616,-50.439442950848616,-50.439442950848616,0.0,0.0,0.0,945.73353019593
2006-10-31,992.7547408501088,852.3844369183348,1101.2714941571599,977.6228473366992,1010.1636472265232,-16.13570152290532,-16.13570152290532,-16.13570152290532,-16.13570152290532,-16.13570152290532,-16.13570152290532,0.0,0.0,0.0,976.6190393272035
2006-11-30,989.446774111396,854.4549540914,1104.5001309610732,972.7808500087141,1008.3998781703351,3.118079844081711,3.118079844081711,3.118079844081711,3.118079844081711,3.118079844081711,3.118079844081711,0.0,0.0,0.0,992.5648539554778
2006-12-31,986.0285418147263,897.5326030895685,1143.0097401543546,967.5399432073333,1006.9242959934844,26.993506390873094,26.993506390873094,26.993506390873094,26.993506390873094,26.993506390873094,26.993506390873094,0.0,0.0,0.0,1013.0220482055994
2007-01-31,982.6103095180564,878.470944041585,1139.063308297897,962.0452750867089,1005.3188515779716,27.363750448425872,27.363750448425872,27.363750448425872,27.363750448425872,27.363750448425872,27.363750448425872,0.0,0.0,0.0,1009.9740599664823
2007-02-28,979.5228738952577,783.5550099345791,1036.3680259634357,957.1812752300888,1003.7985039869155,-70.03555243838754,-70.03555243838754,-70.03555243838754,-70.03555243838754,-70.03555243838754,-70.03555243838754,0.0,0.0,0.0,909.4873214568702
2007-03-31,976.1046415985879,842.71444364467,1099.3990918145987,951.6861524667271,1002.6302826120417,-12.736381474963968,-12.736381474963968,-12.736381474963968,-12.736381474963968,-12.736381474963968,-12.736381474963968,0.0,0.0,0.0,963.3682601236239
2007-04-30,972.7966748598751,887.4289507529467,1126.0318187162165,946.7871123417743,1000.6244433912608,28.799277791108487,28.799277791108487,28.799277791108487,28.799277791108487,28.799277791108487,28.799277791108487,0.0,0.0,0.0,1001.5959526509836
2007-05-31,969.3784425632053,854.8087946607257,1116.2292044232477,941.873826006431,999.7467780876332,19.341248135746245,19.341248135746245,19.341248135746245,19.341248135746245,19.341248135746245,19.341248135746245,0.0,0.0,0.0,988.7196906989516
2007-06-30,966.0704758244929,875.1050655714894,1138.2614426876014,936.3956322713525,998.3658527997957,43.06678634952136,43.06678634952136,43.06678634952136,43.06678634952136,43.06678634952136,43.06678634952136,0.0,0.0,0.0,1009.1372621740143
2007-07-31,962.6522435278229,811.2818260885961,1066.1955869852936,930.6725548700551,997.4610860698957,-22.854971677103848,-22.854971677103848,-22.854971677103848,-22.854971677103848,-22.854971677103848,-22.854971677103848,0.0,0.0,0.0,939.797271850719
2007-08-31,959.2340112311531,786.7846534207658,1041.9453633904168,925.3067968420032,997.488806868919,-40.508976841850654,-40.508976841850654,-40.508976841850654,-40.508976841850654,-40.508976841850654,-40.508976841850654,0.0,0.0,0.0,918.7250343893024
2007-09-30,955.9260444924403,768.4849147435274,1031.5028571550683,920.0954431024968,997.7282803399258,-54.234039149662095,-54.234039149662095,-54.234039149662095,-54.234039149662095,-54.234039149662095,-54.234039149662095,0.0,0.0,0.0,901.6920053427782
2007-10-31,952.5078121957705,806.4634725284988,1063.414452914701,914.2374948556958,996.8202560766475,-16.444282917774114,-16.444282917774114,-16.444282917774114,-16.444282917774114,-16.444282917774114,-16.444282917774114,0.0,0.0,0.0,936.0635292779964
2007-11-30,949.1998454570578,826.3536128510095,1085.7209474378458,907.5280066963169,996.1788245764051,5.290890363724058,5.290890363724058,5.290890363724058,5.290890363724058,5.290890363724058,5.290890363724058,0.0,0.0,0.0,954.4907358207819
2007-12-31,945.7816131603879,851.5263970545546,1114.9277160656798,901.2588495524309,995.8322890032356,32.94355912240844,32.94355912240844,32.94355912240844,32.94355912240844,32.94355912240844,32.94355912240844,0.0,0.0,0.0,978.7251722827964
2008-01-31,942.3633808637181,833.3408286170433,1112.7587819137696,894.7079818741413,995.0491981035668,32.8536286271259,32.8536286271259,32.8536286271259,32.8536286271259,32.8536286271259,32.8536286271259,0.0,0.0,0.0,975.217009490844
2008-02-29,939.1656796829623,767.0769243976908,1042.5428966090044,889.2452303479788,993.5032625710659,-32.238284068430104,-32.238284068430104,-32.238284068430104,-32.238284068430104,-32.238284068430104,-32.238284068430104,0.0,0.0,0.0,906.9273956145322
2008-03-31,935.7474473862926,798.9688420124114,1062.9231295956738,882.6406822446223,992.7207286938161,-6.858285785108424,-6.858285785108424,-6.858285785108424,-6.858285785108424,-6.858285785108424,-6.858285785108424,0.0,0.0,0.0,928.8891616011841
2008-04-30,932.43948064758,813.6469241328766,1093.6297792258028,876.3354042054648,991.622117796454,15.497614294181625,15.497614294181625,15.497614294181625,15.497614294181625,15.497614294181625,15.497614294181625,0.0,0.0,0.0,947.9370949417616
2008-05-31,929.0212483509101,806.6207124024593,1084.7422726307657,869.6950318657924,990.1260002179739,13.793039903895316,13.793039903895316,13.793039903895316,13.793039903895316,13.793039903895316,13.793039903895316,0.0,0.0,0.0,942.8142882548054
2008-06-30,925.7132816121974,799.588526264933,1087.1465230369279,863.0500378492803,988.891119293978,24.440161681569986,24.440161681569986,24.440161681569986,24.440161681569986,24.440161681569986,24.440161681569986,0.0,0.0,0.0,950.1534432937674
2008-07-31,922.2950493155275,766.9671510279768,1047.1237089092117,856.0193678056689,988.4293576305514,-11.680316455326613,-11.680316455326613,-11.680316455326613,-11.680316455326613,-11.680316455326613,-11.680316455326613,0.0,0.0,0.0,910.6147328602009
